/t3d/tch0 iffff 2 -0.084229 0.046143 0.093680 74.831543
/t3d/tch0 iffff 0 0.001221 -0.099121 0.131557 74.002441
/t3d/tch0 iffff 3 -0.061523 -0.078369 0.030797 76.876953
/t3d/tch0 iffff 0 -0.012939 -0.086914 0.325684 73.974121
/t3d/tch0 iffff 2 -0.157227 0.113525 0.302979 74.685547
/t3d/tch0 iffff 3 -0.105713 -0.103271 0.096436 76.788574
/t3d/tch0 iffff 0 -0.073975 0.066895 0.340332 73.852051
/t3d/tch0 iffff 2 -0.123291 0.177002 0.222900 74.753418
/t3d/tch0 iffff 3 -0.162109 -0.051758 0.154785 76.675781
/t3d/tch0 iffff 1 -0.103027 -0.001221 0.131383 75.793945
/t3d/tch0 iffff 0 -0.069824 0.093018 0.289551 73.860352
/t3d/tch0 iffff 2 -0.125977 0.152344 0.262695 74.748047
/t3d/tch0 iffff 1 -0.166992 0.076172 0.265137 75.666016
/t3d/tch0 iffff 3 -0.147461 -0.050537 0.133057 76.705078
/t3d/tch0 iffff 0 -0.047119 0.049072 0.383545 73.905762
/t3d/tch0 iffff 2 -0.120605 0.146484 0.287109 74.758789
/t3d/tch0 iffff 1 -0.022217 -0.023926 0.032959 75.955566
/t3d/tch0 iffff 3 -0.177979 -0.067383 0.158691 76.644043
/t3d/tch0 iffff 0 -0.065430 0.032715 0.375000 73.869141
/t3d/tch0 iffff 2 -0.092285 0.112549 0.280762 74.815430
/t3d/tch0 iffff 1 -0.022949 -0.058594 0.025146 75.954102
/t3d/tch0 iffff 3 -0.150635 -0.085449 0.144531 76.698730
/t3d/tch0 iffff 0 -0.056885 -0.003662 0.364014 73.886230
/t3d/tch0 iffff 2 -0.091553 0.080811 0.285156 74.816895
/t3d/tch0 iffff 1 -0.072266 -0.080566 0.083008 75.855469
/t3d/tch0 iffff 3 -0.138428 -0.109863 0.146729 76.723145
/t3d/tch0 iffff 0 -0.074707 -0.045898 0.373047 73.850586
/t3d/tch0 iffff 2 -0.111084 0.080811 0.312988 74.777832
/t3d/tch0 iffff 1 -0.088135 -0.083740 0.109375 75.823730
/t3d/tch0 iffff 3 -0.146484 -0.121094 0.164551 76.707031
/t3d/tch0 iffff 0 -0.095703 -0.066895 0.378418 73.808594
/t3d/tch0 iffff 2 -0.124268 0.084717 0.333496 74.751465
/t3d/tch0 iffff 1 -0.082764 -0.102295 0.108398 75.834473
/t3d/tch0 iffff 3 -0.158691 -0.134277 0.188721 76.682617
/t3d/tch0 iffff 0 -0.099121 -0.086914 0.376221 73.801758
/t3d/tch0 iffff 2 -0.125000 0.083740 0.340576 74.750000
/t3d/tch0 iffff 1 -0.083252 -0.112549 0.119141 75.833496
/t3d/tch0 iffff 3 -0.161377 -0.150146 0.199707 76.677246
/t3d/tch0 iffff 0 -0.093750 -0.105957 0.372803 73.812500
/t3d/tch0 iffff 2 -0.122803 0.088135 0.354980 74.754395
/t3d/tch0 iffff 1 -0.085449 -0.116455 0.134033 75.829102
/t3d/tch0 iffff 3 -0.164062 -0.172119 0.218994 76.671875
/t3d/tch0 iffff 0 -0.087402 -0.121826 0.378662 73.825195
/t3d/tch0 iffff 2 -0.123535 0.096436 0.368652 74.752930
/t3d/tch0 iffff 1 -0.087402 -0.117920 0.145264 75.825195
/t3d/tch0 iffff 3 -0.160889 -0.189697 0.240967 76.678223
/t3d/tch0 iffff 0 -0.078613 -0.135498 0.380371 73.842773
/t3d/tch0 iffff 2 -0.122559 0.102539 0.380615 74.754883
/t3d/tch0 iffff 1 -0.088623 -0.120117 0.154541 75.822754
/t3d/tch0 iffff 3 -0.158447 -0.204102 0.265869 76.683105
/t3d/tch1 iffff 2 -0.121338 0.107422 0.000000 74.757324
/t3d/tch1 iffff 0 -0.069824 -0.142578 0.000000 73.860352
/t3d/tch1 iffff 2 0.000000 0.000000 0.000000 65.000000
/t3d/tch1 iffff 3 -0.157715 -0.210693 0.000000 76.684570
/t3d/tch1 iffff 1 -0.089111 -0.120605 0.000000 75.821777
/t3d/tch1 iffff 0 -0.120850 0.109375 0.000000 74.758301
/t3d/tch1 iffff 2 -0.066406 -0.144287 0.000000 73.867188
/t3d/tch1 iffff 3 0.002686 0.006104 0.000000 65.005371
/t3d/tch1 iffff 1 -0.157471 -0.212402 0.000000 76.685059
/t3d/tch1 iffff 0 -0.089844 -0.119629 0.000000 75.820312
/t3d/tch1 iffff 2 -0.120361 0.111816 0.000000 74.759277
/t3d/tch1 iffff 3 -0.062988 -0.147217 0.000000 73.874023
/t3d/tch1 iffff 1 0.002686 0.007324 0.000000 65.005371
/t3d/tch1 iffff 0 -0.157227 -0.213135 0.000000 76.685547
/t3d/tch1 iffff 2 -0.090332 -0.117676 0.000000 75.819336
/t3d/tch1 iffff 3 -0.119873 0.115723 0.000000 74.760254
/t3d/tch1 iffff 1 -0.060791 -0.150146 0.000000 73.878418
/t3d/tch1 iffff 0 0.003418 0.007324 0.000000 65.006836
/t3d/tch1 iffff 2 -0.155762 -0.214844 0.000000 76.688477
/t3d/tch1 iffff 3 -0.089844 -0.115967 0.000000 75.820312
/t3d/tch1 iffff 1 -0.119385 0.119141 0.000000 74.761230
/t3d/tch1 iffff 0 -0.056396 -0.152344 0.000000 73.887207
/t3d/tch1 iffff 2 0.004150 0.008545 0.000000 65.008301
/t3d/tch1 iffff 3 -0.154785 -0.217529 0.000000 76.690430
/t3d/tch1 iffff 1 -0.090576 -0.113525 0.000000 75.818848
/t3d/tch1 iffff 0 -0.118652 0.123535 0.000000 74.762695
/t3d/tch1 iffff 2 -0.053955 -0.154297 0.000000 73.892090
/t3d/tch1 iffff 3 0.005127 0.007812 0.000000 65.010254
/t3d/tch1 iffff 1 -0.153076 -0.221436 0.000000 76.693848
/t3d/tch1 iffff 0 -0.089111 -0.112061 0.000000 75.821777
/t3d/tch1 iffff 2 -0.117188 0.128662 0.000000 74.765625
/t3d/tch1 iffff 3 -0.050293 -0.156494 0.000000 73.899414
/t3d/tch1 iffff 1 0.005859 0.008545 0.000000 65.011719
/t3d/tch1 iffff 0 -0.151855 -0.223877 0.000000 76.696289
/t3d/tch1 iffff 2 -0.088867 -0.110352 0.000000 75.822266
/t3d/tch1 iffff 3 -0.116455 0.133789 0.000000 74.767090
/t3d/tch1 iffff 1 -0.048096 -0.158447 0.000000 73.903809
/t3d/tch1 iffff 0 0.005859 0.009766 0.000000 65.011719
/t3d/tch1 iffff 2 -0.150391 -0.227295 0.000000 76.699219
/t3d/tch1 iffff 3 -0.088623 -0.108887 0.000000 75.822754
/t3d/tch1 iffff 1 -0.115723 0.139404 0.000000 74.768555
/t3d/tch1 iffff 0 -0.043457 -0.159912 0.000000 73.913086
/t3d/tch1 iffff 2 0.005859 0.010986 0.000000 65.011719
/t3d/tch1 iffff 3 -0.148926 -0.231934 0.000000 76.702148
/t3d/tch1 iffff 1 -0.087158 -0.106934 0.000000 75.825684
/t3d/tch1 iffff 0 -0.116699 0.145264 0.000000 74.766602
/t3d/tch1 iffff 2 -0.039795 -0.162109 0.000000 73.920410
/t3d/tch1 iffff 3 0.005859 0.010986 0.000000 65.011719
/t3d/tch1 iffff 1 -0.146973 -0.236816 0.000000 76.706055
/t3d/tch1 iffff 0 -0.087158 -0.103760 0.000000 75.825684
/t3d/tch1 iffff 2 -0.116455 0.151611 0.000000 74.767090
/t3d/tch1 iffff 3 -0.036377 -0.162598 0.000000 73.927246
/t3d/tch1 iffff 1 0.006592 0.010986 0.000000 65.013184
/t3d/tch1 iffff 0 -0.146240 -0.242188 0.000000 76.707520
/t3d/tch1 iffff 2 -0.087646 -0.100586 0.000000 75.824707
/t3d/tch1 iffff 3 -0.116211 0.157227 0.000000 74.767578
/t3d/tch1 iffff 1 -0.031494 -0.163818 0.000000 73.937012
/t3d/tch1 iffff 0 0.006592 0.012939 0.000000 65.013184
/t3d/tch1 iffff 2 -0.145752 -0.248291 0.000000 76.708496
/t3d/tch1 iffff 3 -0.087402 -0.098877 0.000000 75.825195
/t3d/tch1 iffff 1 -0.118408 0.163574 0.000000 74.763184
/t3d/tch1 iffff 0 -0.028076 -0.165039 0.000000 73.943848
/t3d/tch1 iffff 2 0.006592 0.012939 0.000000 65.013184
/t3d/tch1 iffff 3 -0.144775 -0.255371 0.000000 76.710449
/t3d/tch1 iffff 1 -0.087402 -0.096680 0.000000 75.825195
/t3d/tch1 iffff 0 -0.118408 0.170166 0.000000 74.763184
/t3d/tch1 iffff 2 -0.023926 -0.164551 0.000000 73.952148
/t3d/tch1 iffff 3 0.006592 0.012939 0.000000 65.013184
/t3d/tch1 iffff 1 -0.143799 -0.261719 0.000000 76.712402
/t3d/tch1 iffff 0 -0.086914 -0.094727 0.000000 75.826172
/t3d/tch1 iffff 2 -0.119385 0.175781 0.000000 74.761230
/t3d/tch1 iffff 3 -0.021240 -0.164795 0.000000 73.957520
/t3d/tch1 iffff 1 0.006592 0.012939 0.000000 65.013184
/t3d/tch1 iffff 0 -0.143066 -0.268066 0.000000 76.713867
/t3d/tch1 iffff 2 -0.086670 -0.092285 0.000000 75.826660
/t3d/tch1 iffff 3 -0.119629 0.179932 0.000000 74.760742
/t3d/tch1 iffff 1 -0.017578 -0.164062 0.000000 73.964844
/t3d/tch1 iffff 0 0.005615 0.015137 0.000000 65.011230
/t3d/tch1 iffff 2 -0.141357 -0.274170 0.000000 76.717285
/t3d/tch1 iffff 3 -0.085205 -0.090820 0.000000 75.829590
/t3d/tch1 iffff 1 -0.119873 0.185059 0.000000 74.760254
/t3d/tch1 iffff 0 -0.015869 -0.162598 0.000000 73.968262
/t3d/tch1 iffff 2 0.005615 0.015137 0.000000 65.011230
/t3d/tch1 iffff 3 -0.140869 -0.281250 0.000000 76.718262
/t3d/tch1 iffff 1 -0.084717 -0.088623 0.000000 75.830566
/t3d/tch1 iffff 0 -0.121094 0.190918 0.000000 74.757812
/t3d/tch1 iffff 2 -0.012207 -0.161865 0.000000 73.975586
/t3d/tch1 iffff 3 0.004883 0.015137 0.000000 65.009766
/t3d/tch1 iffff 1 -0.139893 -0.287354 0.000000 76.720215
/t3d/tch1 iffff 0 -0.083252 -0.086670 0.000000 75.833496
/t3d/tch1 iffff 2 -0.121338 0.195068 0.000000 74.757324
/t3d/tch1 iffff 3 -0.009277 -0.162109 0.000000 73.981445
/t3d/tch1 iffff 1 0.005615 0.015137 0.000000 65.011230
/t3d/tch1 iffff 0 -0.138916 -0.295166 0.000000 76.722168
/t3d/tch1 iffff 2 -0.082764 -0.084473 0.000000 75.834473
/t3d/tch1 iffff 3 -0.122559 0.200928 0.000000 74.754883
/t3d/tch1 iffff 1 -0.007568 -0.161621 0.000000 73.984863
/t3d/tch1 iffff 0 0.005615 0.015625 0.000000 65.011230
/t3d/tch1 iffff 2 -0.138184 -0.301270 0.000000 76.723633
/t3d/tch1 iffff 3 -0.082520 -0.082275 0.000000 75.834961
/t3d/tch1 iffff 1 -0.124512 0.206787 0.000000 74.750977
/t3d/tch1 iffff 0 -0.005859 -0.161133 0.000000 73.988281
/t3d/tch1 iffff 2 0.004883 0.016846 0.000000 65.009766
/t3d/tch1 iffff 3 -0.136963 -0.306641 0.000000 76.726074
/t3d/tch1 iffff 1 -0.082031 -0.080078 0.000000 75.835938
/t3d/tch1 iffff 0 -0.125977 0.211670 0.000000 74.748047
/t3d/tch1 iffff 2 -0.005371 -0.160400 0.000000 73.989258
/t3d/tch1 iffff 3 0.004883 0.016846 0.000000 65.009766
/t3d/tch1 iffff 1 -0.135986 -0.312988 0.000000 76.728027
/t3d/tch1 iffff 0 -0.081543 -0.076660 0.000000 75.836914
/t3d/tch1 iffff 2 -0.127930 0.217773 0.000000 74.744141
/t3d/tch1 iffff 3 -0.004395 -0.160889 0.000000 73.991211
/t3d/tch1 iffff 1 0.004883 0.018555 0.000000 65.009766
/t3d/tch1 iffff 0 -0.134277 -0.318359 0.000000 76.731445
/t3d/tch1 iffff 2 -0.080322 -0.073486 0.000000 75.839355
/t3d/tch1 iffff 3 -0.130859 0.222656 0.000000 74.738281
/t3d/tch1 iffff 1 -0.003906 -0.161133 0.000000 73.992188
/t3d/tch1 iffff 0 0.004883 0.018555 0.000000 65.009766
/t3d/tch1 iffff 2 -0.133057 -0.322998 0.000000 76.733887
/t3d/tch1 iffff 3 -0.079834 -0.070068 0.000000 75.840332
/t3d/tch1 iffff 1 -0.133057 0.228516 0.000000 74.733887
/t3d/tch1 iffff 0 -0.004150 -0.160156 0.000000 73.991699
/t3d/tch1 iffff 2 0.003174 0.019287 0.000000 65.006348
/t3d/tch1 iffff 3 -0.131836 -0.327637 0.000000 76.736328
/t3d/tch1 iffff 1 -0.080322 -0.066162 0.000000 75.839355
/t3d/tch1 iffff 0 -0.135254 0.233398 0.000000 74.729492
/t3d/tch1 iffff 2 -0.006104 -0.160645 0.000000 73.987793
/t3d/tch1 iffff 3 0.003174 0.020020 0.000000 65.006348
/t3d/tch1 iffff 1 -0.131348 -0.332275 0.000000 76.737305
/t3d/tch1 iffff 0 -0.080078 -0.062744 0.000000 75.839844
/t3d/tch1 iffff 2 -0.138184 0.239502 0.000000 74.723633
/t3d/tch1 iffff 3 -0.006592 -0.159424 0.000000 73.986816
/t3d/tch1 iffff 1 0.002197 0.020020 0.000000 65.004395
/t3d/tch1 iffff 0 -0.129150 -0.333740 0.000000 76.741699
/t3d/tch1 iffff 2 -0.080322 -0.059570 0.000000 75.839355
/t3d/tch1 iffff 3 -0.141602 0.243896 0.000000 74.716797
/t3d/tch1 iffff 1 -0.008301 -0.158447 0.000000 73.983398
/t3d/tch1 iffff 0 0.002197 0.021484 0.000000 65.004395
/t3d/tch1 iffff 2 -0.128662 -0.337646 0.000000 76.742676
/t3d/tch1 iffff 3 -0.080811 -0.054688 0.000000 75.838379
/t3d/tch1 iffff 1 -0.144043 0.250488 0.000000 74.711914
/t3d/tch1 iffff 0 -0.010254 -0.157227 0.000000 73.979492
/t3d/tch1 iffff 2 0.000732 0.020508 0.000000 65.001465
/t3d/tch1 iffff 3 -0.127197 -0.339355 0.000000 76.745605
/t3d/tch1 iffff 1 -0.080566 -0.050537 0.000000 75.838867
/t3d/tch1 iffff 0 -0.146973 0.255615 0.000000 74.706055
/t3d/tch1 iffff 2 -0.013184 -0.156982 0.000000 73.973633
/t3d/tch1 iffff 3 0.000732 0.020508 0.000000 65.001465
/t3d/tch1 iffff 1 -0.126709 -0.340820 0.000000 76.746582
/t3d/tch1 iffff 0 -0.080566 -0.046875 0.000000 75.838867
/t3d/tch1 iffff 2 -0.149414 0.261719 0.000000 74.701172
/t3d/tch1 iffff 1 0.000000 0.000000 0.000000 65.000000
/t3d/tch0 iffff 3 -0.016846 -0.156250 0.320626 73.966309
/t3d/tch0 iffff 0 -0.124512 -0.340820 0.266950 76.750977
/t3d/tch0 iffff 2 -0.079590 -0.040771 0.187465 75.840820
/t3d/tch0 iffff 1 -0.153076 0.270508 0.400530 74.693848
/t3d/tch0 iffff 3 -0.026611 -0.152100 0.463135 73.946777
/t3d/tch0 iffff 1 -0.160400 0.283447 0.569824 74.679199
/t3d/tch0 iffff 2 -0.079102 -0.030029 0.268799 75.841797
/t3d/tch0 iffff 0 -0.121338 -0.338623 0.371338 76.757324
/t3d/tch0 iffff 3 -0.040283 -0.142090 0.480957 73.919434
/t3d/tch0 iffff 1 -0.172607 0.309326 0.580811 74.654785
/t3d/tch0 iffff 2 -0.078857 -0.010742 0.278809 75.842285
/t3d/tch0 iffff 0 -0.118652 -0.330078 0.368164 76.762695
/t3d/tch0 iffff 3 -0.052002 -0.127686 0.497070 73.895996
/t3d/tch0 iffff 1 -0.181152 0.333740 0.585693 74.637695
/t3d/tch0 iffff 2 -0.079346 0.008789 0.287842 75.841309
/t3d/tch0 iffff 0 -0.118408 -0.314453 0.364502 76.763184
/t3d/tch0 iffff 3 -0.063721 -0.105469 0.511719 73.872559
/t3d/tch0 iffff 1 -0.188232 0.357910 0.586426 74.623535
/t3d/tch0 iffff 2 -0.078857 0.029541 0.294678 75.842285
/t3d/tch0 iffff 0 -0.116699 -0.295410 0.357666 76.766602
/t3d/tch0 iffff 3 -0.074707 -0.077881 0.530518 73.850586
/t3d/tch0 iffff 1 -0.192139 0.382568 0.584473 74.615723
/t3d/tch0 iffff 2 -0.079346 0.046387 0.301025 75.841309
/t3d/tch0 iffff 0 -0.114502 -0.272217 0.351074 76.770996
/t3d/tch0 iffff 3 -0.084229 -0.041748 0.555664 73.831543
/t3d/tch0 iffff 1 -0.193359 0.409424 0.583984 74.613281
/t3d/tch0 iffff 2 -0.080322 0.066162 0.308350 75.839355
/t3d/tch0 iffff 0 -0.109863 -0.245605 0.343506 76.780273
/t3d/tch0 iffff 3 -0.087891 0.001465 0.583984 73.824219
/t3d/tch0 iffff 1 -0.192383 0.437012 0.585938 74.615234
/t3d/tch0 iffff 2 -0.077881 0.083740 0.314697 75.844238
/t3d/tch0 iffff 0 -0.104736 -0.220215 0.338135 76.790527
/t3d/tch0 iffff 3 -0.090820 0.047607 0.612061 73.818359
/t3d/tch0 iffff 1 -0.187500 0.461914 0.587402 74.625000
/t3d/tch0 iffff 2 -0.073242 0.101807 0.320557 75.853516
/t3d/tch0 iffff 0 -0.102539 -0.190918 0.337402 76.794922
/t3d/tch0 iffff 3 -0.101562 0.081787 0.652832 73.796875
/t3d/tch0 iffff 1 -0.181396 0.488525 0.589600 74.637207
/t3d/tch0 iffff 2 -0.070801 0.125000 0.325684 75.858398
/t3d/tch0 iffff 0 -0.104248 -0.159180 0.344482 76.791504
/t3d/tch0 iffff 3 -0.104492 0.116699 0.683594 73.791016
/t3d/tch0 iffff 1 -0.181641 0.517090 0.592529 74.636719
/t3d/tch0 iffff 2 -0.067383 0.150879 0.329102 75.865234
/t3d/tch0 iffff 0 -0.101807 -0.128662 0.355469 76.796387
/t3d/tch0 iffff 3 -0.099365 0.144043 0.713867 73.801270
/t3d/tch0 iffff 1 -0.178711 0.541992 0.593506 74.642578
/t3d/tch0 iffff 2 -0.064941 0.174561 0.329346 75.870117
/t3d/tch0 iffff 0 -0.096436 -0.101318 0.367432 76.807129
/t3d/tch0 iffff 3 -0.091797 0.164062 0.736572 73.816406
/t3d/tch0 iffff 1 -0.181152 0.554199 0.595459 74.637695
/t3d/tch0 iffff 2 -0.064941 0.196777 0.331299 75.870117
/t3d/tch0 iffff 0 -0.089844 -0.072510 0.377930 76.820312
/t3d/tch0 iffff 3 -0.084473 0.166260 0.748779 73.831055
/t3d/tch0 iffff 1 -0.186279 0.558105 0.598145 74.627441
/t3d/tch0 iffff 2 -0.067139 0.214111 0.335938 75.865723
/t3d/tch0 iffff 0 -0.087646 -0.048340 0.386963 76.824707
/t3d/tch0 iffff 3 -0.081543 0.164551 0.751953 73.836914
/t3d/tch0 iffff 1 -0.191162 0.558105 0.601807 74.617676
/t3d/tch0 iffff 2 -0.071045 0.226318 0.339111 75.857910
/t3d/tch0 iffff 0 -0.088135 -0.028809 0.391846 76.823730
/t3d/tch0 iffff 3 -0.082031 0.163574 0.753418 73.835938
/t3d/tch0 iffff 1 -0.199463 0.558105 0.603271 74.601074
/t3d/tch0 iffff 2 -0.077148 0.235840 0.341309 75.845703
/t3d/tch0 iffff 0 -0.091797 -0.011719 0.392334 76.816406
/t3d/tch0 iffff 3 -0.088135 0.151855 0.759033 73.823730
/t3d/tch0 iffff 1 -0.212158 0.556641 0.602783 74.575684
/t3d/tch0 iffff 2 -0.083984 0.241455 0.342773 75.832031
/t3d/tch0 iffff 0 -0.097900 0.002686 0.392090 76.804199
/t3d/tch0 iffff 3 -0.092529 0.137451 0.765137 73.814941
/t3d/tch0 iffff 1 -0.221924 0.555664 0.601318 74.556152
/t3d/tch0 iffff 2 -0.092529 0.244873 0.343018 75.814941
/t3d/tch0 iffff 0 -0.097900 0.011230 0.388184 76.804199
/t3d/tch0 iffff 3 -0.093994 0.125732 0.767822 73.812012
/t3d/tch0 iffff 1 -0.227783 0.554932 0.600342 74.544434
/t3d/tch0 iffff 2 -0.100586 0.250488 0.345703 75.798828
/t3d/tch0 iffff 0 -0.099121 0.015137 0.385254 76.801758
/t3d/tch0 iffff 3 -0.097412 0.120361 0.766602 73.805176
/t3d/tch0 iffff 1 -0.233887 0.550781 0.601074 74.532227
/t3d/tch0 iffff 2 -0.108398 0.255127 0.349854 75.783203
/t3d/tch0 iffff 0 -0.102051 0.015869 0.383789 76.795898
/t3d/tch0 iffff 3 -0.091553 0.101318 0.770264 73.816895
/t3d/tch0 iffff 1 -0.241455 0.545166 0.603027 74.517090
/t3d/tch0 iffff 2 -0.118164 0.256104 0.354004 75.763672
/t3d/tch0 iffff 0 -0.107910 0.015137 0.382568 76.784180
/t3d/tch0 iffff 3 -0.084717 0.083252 0.773438 73.830566
/t3d/tch0 iffff 1 -0.246826 0.537598 0.605713 74.506348
/t3d/tch0 iffff 2 -0.129639 0.255859 0.360107 75.740723
/t3d/tch0 iffff 0 -0.111816 0.012207 0.380859 76.776367
/t3d/tch0 iffff 3 -0.072266 0.058838 0.779785 73.855469
/t3d/tch0 iffff 1 -0.248535 0.528564 0.609863 74.502930
/t3d/tch0 iffff 2 -0.139648 0.254883 0.366455 75.720703
/t3d/tch0 iffff 0 -0.112061 0.005371 0.377441 76.775879
/t3d/tch0 iffff 3 -0.060059 0.033691 0.786133 73.879883
/t3d/tch0 iffff 1 -0.249023 0.516113 0.615723 74.501953
/t3d/tch0 iffff 2 -0.148438 0.253662 0.375488 75.703125
/t3d/tch0 iffff 0 -0.109375 -0.004639 0.373291 76.781250
/t3d/tch0 iffff 3 -0.046875 0.009766 0.792480 73.906250
/t3d/tch0 iffff 1 -0.250488 0.499756 0.623535 74.499023
/t3d/tch0 iffff 2 -0.154297 0.246338 0.385254 75.691406
/t3d/tch0 iffff 0 -0.106201 -0.014404 0.370605 76.787598
/t3d/tch0 iffff 3 -0.035400 0.000244 0.795166 73.929199
/t3d/tch0 iffff 1 -0.250244 0.482422 0.631348 74.499512
/t3d/tch0 iffff 2 -0.160645 0.236572 0.393799 75.678711
/t3d/tch0 iffff 0 -0.103271 -0.025879 0.368652 76.793457
/t3d/tch0 iffff 3 -0.025879 0.000244 0.795166 73.948242
/t3d/tch0 iffff 1 -0.246094 0.462646 0.640137 74.507812
/t3d/tch0 iffff 2 -0.164795 0.225098 0.400635 75.670410
/t3d/tch0 iffff 0 -0.098877 -0.039062 0.364746 76.802246
/t3d/tch0 iffff 3 -0.019287 0.000244 0.794189 73.961426
/t3d/tch0 iffff 1 -0.234375 0.439697 0.648682 74.531250
/t3d/tch0 iffff 2 -0.166260 0.212158 0.405518 75.667480
/t3d/tch0 iffff 0 -0.094971 -0.050293 0.361816 76.810059
/t3d/tch0 iffff 3 -0.019287 0.000244 0.791992 73.961426
/t3d/tch0 iffff 1 -0.220703 0.412598 0.657471 74.558594
/t3d/tch0 iffff 2 -0.165039 0.195068 0.406738 75.669922
/t3d/tch0 iffff 0 -0.085693 -0.063965 0.358887 76.828613
/t3d/tch0 iffff 3 -0.019287 0.000244 0.789795 73.961426
/t3d/tch0 iffff 1 -0.206055 0.380371 0.667480 74.587891
/t3d/tch0 iffff 2 -0.161865 0.177246 0.406738 75.676270
/t3d/tch0 iffff 0 -0.075439 -0.078613 0.354492 76.849121
/t3d/tch0 iffff 3 -0.019287 0.000244 0.788086 73.961426
/t3d/tch0 iffff 1 -0.191650 0.346680 0.677734 74.616699
/t3d/tch0 iffff 2 -0.158691 0.159180 0.407227 75.682617
/t3d/tch0 iffff 0 -0.066406 -0.093018 0.350830 76.867188
/t3d/tch0 iffff 3 -0.019287 0.000244 0.786133 73.961426
/t3d/tch0 iffff 1 -0.177979 0.312012 0.688232 74.644043
/t3d/tch0 iffff 2 -0.156250 0.142090 0.407227 75.687500
/t3d/tch0 iffff 0 -0.056641 -0.109131 0.348145 76.886719
/t3d/tch0 iffff 3 -0.019287 0.000244 0.784668 73.961426
/t3d/tch0 iffff 1 -0.165039 0.279053 0.697998 74.669922
/t3d/tch0 iffff 2 -0.152588 0.127930 0.408447 75.694824
/t3d/tch0 iffff 0 -0.048096 -0.121338 0.348145 76.903809
/t3d/tch0 iffff 3 -0.019287 0.000244 0.783203 73.961426
/t3d/tch0 iffff 1 -0.152832 0.249512 0.706543 74.694336
/t3d/tch0 iffff 2 -0.148926 0.117188 0.409912 75.702148
/t3d/tch0 iffff 0 -0.040771 -0.130615 0.354736 76.918457
/t3d/tch0 iffff 3 -0.019043 0.000244 0.781982 73.961914
/t3d/tch0 iffff 1 -0.142822 0.224854 0.713379 74.714355
/t3d/tch0 iffff 2 -0.145020 0.109375 0.411377 75.709961
/t3d/tch0 iffff 0 -0.031738 -0.136963 0.363037 76.936523
/t3d/tch0 iffff 3 -0.019043 0.000244 0.780762 73.961914
/t3d/tch0 iffff 1 -0.134033 0.207520 0.718262 74.731934
/t3d/tch0 iffff 2 -0.141113 0.105957 0.413330 75.717773
/t3d/tch0 iffff 0 -0.021729 -0.139404 0.368164 76.956543
/t3d/tch0 iffff 3 -0.019043 0.000244 0.779785 73.961914
/t3d/tch0 iffff 1 -0.124512 0.191895 0.722900 74.750977
/t3d/tch0 iffff 2 -0.133301 0.105713 0.416016 75.733398
/t3d/tch0 iffff 0 -0.007324 -0.141113 0.372070 76.985352
/t3d/tch0 iffff 3 -0.019043 0.000244 0.777588 73.961914
/t3d/tch0 iffff 1 -0.104248 0.150146 0.734863 74.791504
/t3d/tch0 iffff 2 -0.119141 0.101807 0.421143 75.761719
/t3d/tch0 iffff 0 0.019043 -0.151855 0.378662 77.038086
/t3d/tch0 iffff 3 -0.019043 0.000244 0.777588 73.961914
/t3d/tch0 iffff 1 -0.103516 0.147705 0.735352 74.792969
/t3d/tch0 iffff 2 -0.117432 0.100830 0.421143 75.765137
/t3d/tch0 iffff 0 0.019775 -0.152588 0.378906 77.039551
/t3d/tch0 iffff 3 -0.019043 0.000244 0.776611 73.961914
/t3d/tch0 iffff 1 -0.094727 0.131836 0.739990 74.810547
/t3d/tch0 iffff 2 -0.110596 0.095947 0.423340 75.778809
/t3d/tch0 iffff 0 0.031494 -0.161133 0.380127 77.062988
/t3d/tch0 iffff 3 -0.019043 0.000244 0.775879 73.961914
/t3d/tch0 iffff 1 -0.086670 0.119385 0.743408 74.826660
/t3d/tch0 iffff 2 -0.105713 0.090088 0.424072 75.788574
/t3d/tch0 iffff 0 0.041992 -0.172607 0.377197 77.083984
/t3d/tch0 iffff 3 -0.019043 0.000000 0.774658 73.961914
/t3d/tch0 iffff 1 -0.081299 0.110840 0.745361 74.837402
/t3d/tch0 iffff 2 -0.100830 0.082520 0.423340 75.798340
/t3d/tch0 iffff 0 0.050537 -0.181885 0.375000 77.101074
/t3d/tch0 iffff 3 -0.019043 0.000000 0.773926 73.961914
/t3d/tch0 iffff 1 -0.077148 0.104492 0.746338 74.845703
/t3d/tch0 iffff 2 -0.096680 0.075928 0.422119 75.806641
/t3d/tch0 iffff 0 0.053955 -0.194092 0.373535 77.107910
/t3d/tch0 iffff 3 -0.019043 0.000000 0.773438 73.961914
/t3d/tch0 iffff 1 -0.074463 0.100830 0.746826 74.851074
/t3d/tch0 iffff 2 -0.095947 0.072266 0.421631 75.808105
/t3d/tch0 iffff 0 0.054688 -0.197754 0.373535 77.109375
/t3d/tch0 iffff 3 -0.019043 0.000000 0.772705 73.961914
/t3d/tch0 iffff 1 -0.070557 0.096924 0.747314 74.858887
/t3d/tch0 iffff 2 -0.091797 0.070312 0.420654 75.816406
/t3d/tch0 iffff 0 0.057373 -0.197266 0.376221 77.114746
/t3d/tch0 iffff 3 -0.019287 0.000000 0.772217 73.961426
/t3d/tch0 iffff 1 -0.066406 0.093262 0.748047 74.867188
/t3d/tch0 iffff 2 -0.085205 0.070312 0.419922 75.829590
/t3d/tch0 iffff 0 0.061523 -0.192627 0.378662 77.123047
/t3d/tch0 iffff 3 -0.019287 0.000000 0.771729 73.961426
/t3d/tch0 iffff 1 -0.061768 0.089600 0.748779 74.876465
/t3d/tch0 iffff 2 -0.079590 0.072998 0.421631 75.840820
/t3d/tch0 iffff 0 0.068115 -0.182861 0.383545 77.136230
/t3d/tch0 iffff 3 -0.019287 0.000000 0.771240 73.961426
/t3d/tch0 iffff 1 -0.056885 0.084717 0.750000 74.886230
/t3d/tch0 iffff 2 -0.073975 0.076416 0.422363 75.852051
/t3d/tch0 iffff 0 0.071533 -0.171631 0.391846 77.143066
/t3d/tch0 iffff 3 -0.019287 0.000000 0.770752 73.961426
/t3d/tch0 iffff 1 -0.052979 0.079590 0.750977 74.894043
/t3d/tch0 iffff 2 -0.069092 0.078369 0.421631 75.861816
/t3d/tch0 iffff 0 0.076172 -0.160889 0.398926 77.152344
/t3d/tch0 iffff 3 -0.019287 0.000000 0.770264 73.961426
/t3d/tch0 iffff 1 -0.049561 0.077148 0.751465 74.900879
/t3d/tch0 iffff 2 -0.062256 0.079346 0.420410 75.875488
/t3d/tch0 iffff 0 0.080322 -0.152588 0.403809 77.160645
/t3d/tch0 iffff 3 -0.019287 0.000000 0.769775 73.961426
/t3d/tch0 iffff 1 -0.047607 0.077148 0.750977 74.904785
/t3d/tch0 iffff 2 -0.055664 0.081299 0.419678 75.888672
/t3d/tch0 iffff 0 0.084717 -0.146484 0.408447 77.169434
/t3d/tch0 iffff 3 -0.019287 -0.000244 0.769531 73.961426
/t3d/tch0 iffff 1 -0.045410 0.077148 0.750732 74.909180
/t3d/tch0 iffff 2 -0.049072 0.083008 0.419434 75.901855
/t3d/tch0 iffff 0 0.086670 -0.139893 0.412842 77.173340
/t3d/tch0 iffff 3 -0.016846 0.000000 0.768799 73.966309
/t3d/tch0 iffff 1 -0.043457 0.079590 0.749756 74.913086
/t3d/tch0 iffff 2 -0.043457 0.087646 0.420166 75.913086
/t3d/tch0 iffff 0 0.089844 -0.129639 0.424316 77.179688
/t3d/tch0 iffff 3 -0.015625 0.000000 0.768311 73.968750
/t3d/tch0 iffff 1 -0.041992 0.084717 0.748047 74.916016
/t3d/tch0 iffff 2 -0.036865 0.093018 0.419678 75.926270
/t3d/tch0 iffff 0 0.095215 -0.117676 0.437012 77.190430
/t3d/tch0 iffff 3 -0.015625 0.000000 0.767822 73.968750
/t3d/tch0 iffff 1 -0.041504 0.090820 0.746094 74.916992
/t3d/tch0 iffff 2 -0.034424 0.102783 0.418945 75.931152
/t3d/tch0 iffff 0 0.099854 -0.104248 0.446777 77.199707
/t3d/tch0 iffff 3 -0.017822 0.000000 0.768066 73.964355
/t3d/tch0 iffff 1 -0.041992 0.095703 0.743896 74.916016
/t3d/tch0 iffff 2 -0.033447 0.110107 0.418213 75.933105
/t3d/tch0 iffff 0 0.101074 -0.089355 0.456055 77.202148
/t3d/tch0 iffff 3 -0.019043 0.000000 0.768066 73.961914
/t3d/tch0 iffff 1 -0.042725 0.099609 0.742188 74.914551
/t3d/tch0 iffff 2 -0.034912 0.115723 0.416992 75.930176
/t3d/tch0 iffff 0 0.099121 -0.074951 0.462646 77.198242
/t3d/tch0 iffff 3 -0.019043 0.000000 0.768066 73.961914
/t3d/tch0 iffff 1 -0.044922 0.105713 0.739746 74.910156
/t3d/tch0 iffff 2 -0.037109 0.119141 0.413574 75.925781
/t3d/tch0 iffff 0 0.095703 -0.061279 0.465820 77.191406
/t3d/tch0 iffff 3 -0.019043 0.000000 0.767822 73.961914
/t3d/tch0 iffff 1 -0.047607 0.112061 0.737061 74.904785
/t3d/tch0 iffff 2 -0.040039 0.123291 0.410156 75.919922
/t3d/tch0 iffff 0 0.088623 -0.047607 0.466797 77.177246
/t3d/tch0 iffff 3 -0.019043 0.000000 0.767578 73.961914
/t3d/tch0 iffff 1 -0.050293 0.120605 0.733887 74.899414
/t3d/tch0 iffff 2 -0.041992 0.129150 0.406494 75.916016
/t3d/tch0 iffff 0 0.082275 -0.032959 0.466553 77.164551
/t3d/tch0 iffff 3 -0.019043 0.000000 0.767334 73.961914
/t3d/tch0 iffff 1 -0.052979 0.129150 0.730713 74.894043
/t3d/tch0 iffff 2 -0.044922 0.135254 0.403320 75.910156
/t3d/tch0 iffff 0 0.074951 -0.016846 0.466553 77.149902
/t3d/tch0 iffff 3 -0.019043 0.000000 0.767334 73.961914
/t3d/tch0 iffff 1 -0.055664 0.139160 0.727295 74.888672
/t3d/tch0 iffff 2 -0.046387 0.142090 0.401123 75.907227
/t3d/tch0 iffff 0 0.069336 0.000732 0.463623 77.138672
/t3d/tch0 iffff 3 -0.019043 0.000000 0.767090 73.961914
/t3d/tch0 iffff 1 -0.056885 0.148926 0.724365 74.886230
/t3d/tch0 iffff 2 -0.048584 0.151611 0.399902 75.902832
/t3d/tch0 iffff 0 0.063477 0.017578 0.460938 77.126953
/t3d/tch0 iffff 3 -0.019043 0.000000 0.766846 73.961914
/t3d/tch0 iffff 1 -0.056885 0.152832 0.723389 74.886230
/t3d/tch0 iffff 2 -0.052002 0.159180 0.399170 75.895996
/t3d/tch0 iffff 0 0.059814 0.034424 0.459717 77.119629
/t3d/tch0 iffff 3 -0.019043 0.000244 0.767090 73.961914
/t3d/tch0 iffff 1 -0.057617 0.155273 0.722412 74.884766
/t3d/tch0 iffff 2 -0.052490 0.164062 0.397705 75.895020
/t3d/tch0 iffff 0 0.057861 0.049561 0.461182 77.115723
/t3d/tch0 iffff 3 -0.019043 0.000244 0.766846 73.961914
/t3d/tch0 iffff 1 -0.058350 0.156250 0.721924 74.883301
/t3d/tch0 iffff 2 -0.054932 0.167969 0.396729 75.890137
/t3d/tch0 iffff 0 0.056152 0.061279 0.463623 77.112305
/t3d/tch0 iffff 3 -0.019043 0.000244 0.766846 73.961914
/t3d/tch0 iffff 1 -0.059570 0.157471 0.721191 74.880859
/t3d/tch0 iffff 2 -0.056396 0.170166 0.395020 75.887207
/t3d/tch0 iffff 0 0.053955 0.069580 0.465820 77.107910
/t3d/tch0 iffff 3 -0.019043 0.000244 0.766602 73.961914
/t3d/tch0 iffff 1 -0.061035 0.159912 0.720215 74.877930
/t3d/tch0 iffff 2 -0.057861 0.172119 0.393555 75.884277
/t3d/tch0 iffff 0 0.051270 0.075684 0.466797 77.102539
/t3d/tch0 iffff 3 -0.019043 0.000244 0.766602 73.961914
/t3d/tch0 iffff 1 -0.062256 0.162354 0.719482 74.875488
/t3d/tch0 iffff 2 -0.058594 0.174316 0.392090 75.882812
/t3d/tch0 iffff 0 0.049316 0.080811 0.467529 77.098633
/t3d/tch0 iffff 3 -0.019043 0.000244 0.766602 73.961914
/t3d/tch0 iffff 1 -0.062988 0.164795 0.718506 74.874023
/t3d/tch0 iffff 2 -0.058105 0.174316 0.390381 75.883789
/t3d/tch0 iffff 0 0.046387 0.083984 0.468506 77.092773
/t3d/tch0 iffff 3 -0.019043 0.000244 0.766357 73.961914
/t3d/tch0 iffff 1 -0.063721 0.168457 0.717529 74.872559
/t3d/tch0 iffff 2 -0.057373 0.174561 0.388428 75.885254
/t3d/tch0 iffff 0 0.043701 0.084717 0.468750 77.087402
/t3d/tch0 iffff 3 -0.019043 0.000244 0.766357 73.961914
/t3d/tch0 iffff 1 -0.064453 0.169678 0.717041 74.871094
/t3d/tch0 iffff 2 -0.057129 0.175049 0.387451 75.885742
/t3d/tch0 iffff 0 0.041504 0.086914 0.468506 77.083008
/t3d/tch0 iffff 3 -0.019043 0.000244 0.766357 73.961914
/t3d/tch0 iffff 1 -0.065674 0.170898 0.716309 74.868652
/t3d/tch0 iffff 2 -0.057617 0.175049 0.386475 75.884766
/t3d/tch0 iffff 0 0.037598 0.088379 0.467773 77.075195
/t3d/tch0 iffff 3 -0.019043 0.000244 0.766357 73.961914
/t3d/tch0 iffff 1 -0.065674 0.169678 0.716797 74.868652
/t3d/tch0 iffff 2 -0.057617 0.175049 0.386719 75.884766
/t3d/tch0 iffff 0 0.032471 0.089844 0.468262 77.064941
/t3d/tch0 iffff 3 -0.019043 0.000244 0.766113 73.961914
/t3d/tch0 iffff 1 -0.064453 0.164795 0.718262 74.871094
/t3d/tch0 iffff 2 -0.060303 0.175049 0.387451 75.879395
/t3d/tch0 iffff 0 0.029053 0.088379 0.468018 77.058105
/t3d/tch0 iffff 3 -0.019043 0.000244 0.766113 73.961914
/t3d/tch0 iffff 1 -0.062988 0.158691 0.720215 74.874023
/t3d/tch0 iffff 2 -0.060547 0.173584 0.389404 75.878906
/t3d/tch0 iffff 0 0.026611 0.085449 0.467285 77.053223
/t3d/tch0 iffff 3 -0.019043 0.000244 0.766113 73.961914
/t3d/tch0 iffff 1 -0.060303 0.148926 0.723145 74.879395
/t3d/tch0 iffff 2 -0.061523 0.170654 0.390625 75.876953
/t3d/tch0 iffff 0 0.027100 0.080078 0.468262 77.054199
/t3d/tch0 iffff 3 -0.019043 0.000244 0.766113 73.961914
/t3d/tch0 iffff 1 -0.057617 0.139160 0.726074 74.884766
/t3d/tch0 iffff 2 -0.060059 0.166016 0.392090 75.879883
/t3d/tch0 iffff 0 0.027588 0.074707 0.468994 77.055176
/t3d/tch0 iffff 3 -0.019043 0.000244 0.766113 73.961914
/t3d/tch0 iffff 1 -0.055664 0.130371 0.728760 74.888672
/t3d/tch0 iffff 2 -0.059082 0.162354 0.392334 75.881836
/t3d/tch0 iffff 0 0.030273 0.067627 0.470459 77.060547
/t3d/tch0 iffff 3 -0.017822 0.000244 0.765381 73.964355
/t3d/tch0 iffff 1 -0.054199 0.125488 0.730225 74.891602
/t3d/tch0 iffff 2 -0.058350 0.157471 0.392822 75.883301
/t3d/tch0 iffff 0 0.030273 0.060059 0.471924 77.060547
/t3d/tch0 iffff 3 -0.016846 0.000244 0.765137 73.966309
/t3d/tch0 iffff 1 -0.053467 0.121826 0.731201 74.893066
/t3d/tch0 iffff 2 -0.056641 0.152100 0.392090 75.886719
/t3d/tch0 iffff 0 0.030273 0.053223 0.472168 77.060547
/t3d/tch0 iffff 3 -0.015625 0.000000 0.764893 73.968750
/t3d/tch0 iffff 1 -0.053467 0.119141 0.731689 74.893066
/t3d/tch0 iffff 2 -0.055664 0.145508 0.391113 75.888672
/t3d/tch0 iffff 0 0.028320 0.043945 0.472412 77.056641
/t3d/tch0 iffff 3 -0.015625 0.000000 0.764893 73.968750
/t3d/tch0 iffff 1 -0.053467 0.117920 0.731689 74.893066
/t3d/tch0 iffff 2 -0.055664 0.139160 0.390381 75.888672
/t3d/tch0 iffff 0 0.027344 0.032227 0.472656 77.054688
/t3d/tch0 iffff 3 -0.015625 0.000000 0.764893 73.968750
/t3d/tch0 iffff 1 -0.053467 0.115479 0.732422 74.893066
/t3d/tch0 iffff 2 -0.054688 0.131836 0.389893 75.890625
/t3d/tch0 iffff 0 0.027832 0.019287 0.472900 77.055664
/t3d/tch0 iffff 3 -0.013428 0.000000 0.764404 73.973145
/t3d/tch0 iffff 1 -0.052979 0.111816 0.733154 74.894043
/t3d/tch0 iffff 2 -0.054688 0.126221 0.388916 75.890625
/t3d/tch0 iffff 0 0.027588 0.004639 0.472900 77.055176
/t3d/tch0 iffff 3 -0.010986 0.000000 0.763672 73.978027
/t3d/tch0 iffff 1 -0.052979 0.107910 0.733887 74.894043
/t3d/tch0 iffff 2 -0.054688 0.119873 0.388184 75.890625
/t3d/tch0 iffff 0 0.028809 -0.010742 0.473633 77.057617
/t3d/tch0 iffff 3 -0.008789 0.000000 0.763184 73.982422
/t3d/tch0 iffff 1 -0.052246 0.105469 0.734619 74.895508
/t3d/tch0 iffff 2 -0.054443 0.113525 0.387207 75.891113
/t3d/tch0 iffff 0 0.030273 -0.024170 0.473877 77.060547
/t3d/tch0 iffff 3 -0.006592 0.000000 0.762695 73.986816
/t3d/tch0 iffff 1 -0.052246 0.103027 0.735107 74.895508
/t3d/tch0 iffff 2 -0.053711 0.107910 0.386719 75.892578
/t3d/tch0 iffff 0 0.030029 -0.037354 0.473877 77.060059
/t3d/tch0 iffff 3 -0.004395 0.000000 0.761963 73.991211
/t3d/tch0 iffff 1 -0.052246 0.100586 0.735352 74.895508
/t3d/tch0 iffff 2 -0.055176 0.102295 0.386230 75.889648
/t3d/tch0 iffff 0 0.030029 -0.048828 0.473145 77.060059
/t3d/tch0 iffff 3 -0.003174 0.000000 0.761719 73.993652
/t3d/tch0 iffff 1 -0.053467 0.099365 0.735352 74.893066
/t3d/tch0 iffff 2 -0.055908 0.097900 0.384766 75.888184
/t3d/tch0 iffff 0 0.029297 -0.059570 0.472412 77.058594
/t3d/tch0 iffff 3 -0.001953 0.000000 0.761475 73.996094
/t3d/tch0 iffff 1 -0.054199 0.099365 0.734863 74.891602
/t3d/tch0 iffff 2 -0.056641 0.094482 0.383789 75.886719
/t3d/tch0 iffff 0 0.029297 -0.070312 0.471924 77.058594
/t3d/tch0 iffff 3 -0.001953 0.000000 0.761719 73.996094
/t3d/tch0 iffff 1 -0.055664 0.100586 0.734375 74.888672
/t3d/tch0 iffff 2 -0.057861 0.090820 0.382080 75.884277
/t3d/tch0 iffff 0 0.026855 -0.079590 0.471191 77.053711
/t3d/tch0 iffff 3 -0.001953 0.000000 0.761719 73.996094
/t3d/tch0 iffff 1 -0.058350 0.103027 0.732666 74.883301
/t3d/tch0 iffff 2 -0.059326 0.085449 0.379639 75.881348
/t3d/tch0 iffff 0 0.025635 -0.089600 0.468994 77.051270
/t3d/tch0 iffff 3 -0.001953 0.000000 0.761719 73.996094
/t3d/tch0 iffff 1 -0.060303 0.106689 0.731445 74.879395
/t3d/tch0 iffff 2 -0.061523 0.082031 0.377441 75.876953
/t3d/tch0 iffff 0 0.023682 -0.097900 0.466553 77.047363
/t3d/tch0 iffff 3 -0.003174 0.000000 0.761963 73.993652
/t3d/tch0 iffff 1 -0.061768 0.107910 0.730713 74.876465
/t3d/tch0 iffff 2 -0.063721 0.081299 0.376465 75.872559
/t3d/tch0 iffff 0 0.021973 -0.104004 0.464600 77.043945
/t3d/tch0 iffff 3 -0.004395 0.000000 0.762207 73.991211
/t3d/tch0 iffff 1 -0.062988 0.107910 0.730469 74.874023
/t3d/tch0 iffff 2 -0.066406 0.080322 0.376221 75.867188
/t3d/tch0 iffff 0 0.021240 -0.108398 0.460938 77.042480
/t3d/tch0 iffff 3 -0.005371 0.000000 0.762451 73.989258
/t3d/tch0 iffff 1 -0.063721 0.106689 0.730225 74.872559
/t3d/tch0 iffff 2 -0.066895 0.078613 0.375244 75.866211
/t3d/tch0 iffff 0 0.019775 -0.112061 0.456787 77.039551
/t3d/tch0 iffff 3 -0.006592 0.000000 0.762939 73.986816
/t3d/tch0 iffff 1 -0.063721 0.105469 0.730225 74.872559
/t3d/tch0 iffff 2 -0.068604 0.080566 0.375732 75.862793
/t3d/tch0 iffff 0 0.017334 -0.113037 0.453613 77.034668
/t3d/tch0 iffff 3 -0.007568 0.000000 0.763184 73.984863
/t3d/tch0 iffff 1 -0.064941 0.106689 0.729492 74.870117
/t3d/tch0 iffff 2 -0.070068 0.082764 0.375000 75.859863
/t3d/tch0 iffff 0 0.016113 -0.110596 0.452637 77.032227
/t3d/tch0 iffff 3 -0.007568 0.000000 0.763184 73.984863
/t3d/tch0 iffff 1 -0.063232 0.109375 0.728027 74.873535
/t3d/tch0 iffff 2 -0.071045 0.085693 0.374023 75.857910
/t3d/tch0 iffff 0 0.015625 -0.106689 0.454346 77.031250
/t3d/tch0 iffff 3 -0.007568 0.000000 0.763184 73.984863
/t3d/tch0 iffff 1 -0.062744 0.113037 0.726074 74.874512
/t3d/tch0 iffff 2 -0.070801 0.087646 0.372559 75.858398
/t3d/tch0 iffff 0 0.013672 -0.101318 0.456543 77.027344
/t3d/tch0 iffff 3 -0.006592 0.000000 0.762939 73.986816
/t3d/tch0 iffff 1 -0.062256 0.117920 0.723877 74.875488
/t3d/tch0 iffff 2 -0.072021 0.090576 0.370117 75.855957
/t3d/tch0 iffff 0 0.012451 -0.094727 0.458496 77.024902
/t3d/tch0 iffff 3 -0.006592 0.000000 0.762939 73.986816
/t3d/tch0 iffff 1 -0.061279 0.124268 0.720703 74.877441
/t3d/tch0 iffff 2 -0.072510 0.093994 0.368164 75.854980
/t3d/tch0 iffff 0 0.009766 -0.086182 0.459717 77.019531
/t3d/tch0 iffff 3 -0.006592 0.000000 0.762939 73.986816
/t3d/tch0 iffff 1 -0.059082 0.130371 0.717285 74.881836
/t3d/tch0 iffff 2 -0.073242 0.096924 0.366211 75.853516
/t3d/tch0 iffff 0 0.005371 -0.076904 0.460693 77.010742
/t3d/tch0 iffff 3 -0.006592 0.000000 0.762939 73.986816
/t3d/tch0 iffff 1 -0.057373 0.135498 0.714844 74.885254
/t3d/tch0 iffff 2 -0.072754 0.099121 0.363770 75.854492
/t3d/tch0 iffff 0 0.002441 -0.066406 0.463379 77.004883
/t3d/tch0 iffff 3 -0.005371 0.000000 0.762451 73.989258
/t3d/tch0 iffff 1 -0.055664 0.139160 0.712891 74.888672
/t3d/tch0 iffff 2 -0.071777 0.101074 0.362061 75.856445
/t3d/tch0 iffff 0 0.000977 -0.057373 0.466797 77.001953
/t3d/tch0 iffff 3 -0.005371 0.000000 0.762451 73.989258
/t3d/tch0 iffff 1 -0.052734 0.142822 0.710938 74.894531
/t3d/tch0 iffff 2 -0.070068 0.102539 0.360352 75.859863
/t3d/tch0 iffff 0 0.000000 -0.048828 0.470703 77.000000
/t3d/tch0 iffff 3 -0.004395 0.000000 0.762207 73.991211
/t3d/tch0 iffff 1 -0.049072 0.146484 0.708740 74.901855
/t3d/tch0 iffff 2 -0.067871 0.102783 0.357910 75.864258
/t3d/tch0 iffff 0 0.000000 -0.042969 0.472900 77.000000
/t3d/tch0 iffff 3 -0.003174 0.000000 0.761963 73.993652
/t3d/tch0 iffff 1 -0.047119 0.148926 0.707520 74.905762
/t3d/tch0 iffff 2 -0.066162 0.104004 0.356445 75.867676
/t3d/tch0 iffff 0 -0.001221 -0.036865 0.474365 76.997559
/t3d/tch0 iffff 3 -0.003174 0.000000 0.761963 73.993652
/t3d/tch0 iffff 1 -0.046631 0.148926 0.707275 74.906738
/t3d/tch0 iffff 2 -0.064209 0.104980 0.354980 75.871582
/t3d/tch0 iffff 0 -0.001953 -0.031982 0.475098 76.996094
/t3d/tch0 iffff 3 -0.001953 0.000000 0.761719 73.996094
/t3d/tch0 iffff 1 -0.044678 0.148926 0.707520 74.910645
/t3d/tch0 iffff 2 -0.063232 0.106934 0.354248 75.873535
/t3d/tch0 iffff 0 -0.002686 -0.029785 0.474121 76.994629
/t3d/tch0 iffff 3 -0.000977 0.000000 0.761475 73.998047
/t3d/tch0 iffff 1 -0.043457 0.150146 0.707031 74.913086
/t3d/tch0 iffff 2 -0.061523 0.108154 0.353516 75.876953
/t3d/tch0 iffff 0 -0.003906 -0.028076 0.472656 76.992188
/t3d/tch0 iffff 3 0.000244 0.000000 0.761230 74.000488
/t3d/tch0 iffff 1 -0.041016 0.150146 0.706787 74.917969
/t3d/tch0 iffff 2 -0.061523 0.108154 0.352783 75.876953
/t3d/tch0 iffff 0 -0.004395 -0.028320 0.471191 76.991211
/t3d/tch0 iffff 3 0.000244 0.000000 0.761230 74.000488
/t3d/tch0 iffff 1 -0.039795 0.151367 0.706055 74.920410
/t3d/tch0 iffff 2 -0.061279 0.108398 0.352051 75.877441
/t3d/tch0 iffff 0 -0.004639 -0.029541 0.468994 76.990723
/t3d/tch0 iffff 3 0.001465 0.000000 0.760986 74.002930
/t3d/tch0 iffff 1 -0.037598 0.151855 0.704590 74.924805
/t3d/tch0 iffff 2 -0.060303 0.107666 0.351074 75.879395
/t3d/tch0 iffff 0 -0.005615 -0.032715 0.466309 76.988770
/t3d/tch0 iffff 3 0.001465 0.000000 0.760986 74.002930
/t3d/tch0 iffff 1 -0.033691 0.151855 0.703369 74.932617
/t3d/tch0 iffff 2 -0.059570 0.106689 0.350830 75.880859
/t3d/tch0 iffff 0 -0.006348 -0.035645 0.463623 76.987305
/t3d/tch0 iffff 3 0.002441 0.000000 0.760742 74.004883
/t3d/tch0 iffff 1 -0.032471 0.151123 0.701904 74.935059
/t3d/tch0 iffff 2 -0.060303 0.104980 0.350586 75.879395
/t3d/tch0 iffff 0 -0.007324 -0.039307 0.460693 76.985352
/t3d/tch0 iffff 3 0.004883 0.000000 0.760254 74.009766
/t3d/tch0 iffff 1 -0.031250 0.147461 0.702148 74.937500
/t3d/tch0 iffff 2 -0.059082 0.102295 0.349365 75.881836
/t3d/tch0 iffff 0 -0.009033 -0.044678 0.456787 76.981934
/t3d/tch0 iffff 3 0.007080 0.000000 0.759766 74.014160
/t3d/tch0 iffff 1 -0.031982 0.143555 0.702393 74.936035
/t3d/tch0 iffff 2 -0.059082 0.098633 0.348877 75.881836
/t3d/tch0 iffff 0 -0.010254 -0.049072 0.452637 76.979492
/t3d/tch0 iffff 3 0.009277 0.000000 0.759033 74.018555
/t3d/tch0 iffff 1 -0.033936 0.138184 0.703857 74.932129
/t3d/tch0 iffff 2 -0.060791 0.094971 0.348389 75.878418
/t3d/tch0 iffff 0 -0.012451 -0.055908 0.448486 76.975098
/t3d/tch0 iffff 3 0.009277 0.000000 0.759033 74.018555
/t3d/tch0 iffff 1 -0.033936 0.133301 0.704346 74.932129
/t3d/tch0 iffff 2 -0.061523 0.090332 0.348145 75.876953
/t3d/tch0 iffff 0 -0.016113 -0.062744 0.444336 76.967773
/t3d/tch0 iffff 3 0.010498 0.000000 0.759033 74.020996
/t3d/tch0 iffff 1 -0.036621 0.128906 0.704834 74.926758
/t3d/tch0 iffff 2 -0.062988 0.086670 0.347656 75.874023
/t3d/tch0 iffff 0 -0.019775 -0.070068 0.439453 76.960449
/t3d/tch0 iffff 3 0.010498 0.000000 0.759033 74.020996
/t3d/tch0 iffff 1 -0.037842 0.123779 0.705078 74.924316
/t3d/tch0 iffff 2 -0.064697 0.082031 0.347412 75.870605
/t3d/tch0 iffff 0 -0.024414 -0.078613 0.435059 76.951172
/t3d/tch0 iffff 3 0.009277 0.000000 0.759277 74.018555
/t3d/tch0 iffff 1 -0.038086 0.119629 0.704834 74.923828
/t3d/tch0 iffff 2 -0.066162 0.076416 0.346680 75.867676
/t3d/tch0 iffff 0 -0.026123 -0.086914 0.431885 76.947754
/t3d/tch0 iffff 3 0.007080 0.000000 0.760010 74.014160
/t3d/tch0 iffff 1 -0.038086 0.116943 0.703369 74.923828
/t3d/tch0 iffff 2 -0.066895 0.072754 0.346436 75.866211
/t3d/tch0 iffff 0 -0.027832 -0.094482 0.429199 76.944336
/t3d/tch0 iffff 3 0.005859 0.000000 0.760254 74.011719
/t3d/tch0 iffff 1 -0.040039 0.114990 0.702637 74.919922
/t3d/tch0 iffff 2 -0.067871 0.070068 0.346191 75.864258
/t3d/tch0 iffff 0 -0.029541 -0.101318 0.427246 76.940918
/t3d/tch0 iffff 3 0.003662 0.000000 0.760742 74.007324
/t3d/tch0 iffff 1 -0.040771 0.111084 0.702881 74.918457
/t3d/tch0 iffff 2 -0.070068 0.066406 0.345703 75.859863
/t3d/tch0 iffff 0 -0.031250 -0.108643 0.425049 76.937500
/t3d/tch0 iffff 3 0.002441 0.000000 0.760986 74.004883
/t3d/tch0 iffff 1 -0.042725 0.108643 0.703857 74.914551
/t3d/tch0 iffff 2 -0.070801 0.062744 0.344971 75.858398
/t3d/tch0 iffff 0 -0.031494 -0.118652 0.422607 76.937012
/t3d/tch0 iffff 3 0.004883 0.000000 0.760498 74.009766
/t3d/tch0 iffff 1 -0.045898 0.104248 0.705078 74.908203
/t3d/tch0 iffff 2 -0.071533 0.058350 0.344727 75.856934
/t3d/tch0 iffff 0 -0.031250 -0.127686 0.420654 76.937500
/t3d/tch0 iffff 3 0.007080 -0.003174 0.759033 74.014160
/t3d/tch0 iffff 1 -0.047119 0.099854 0.706299 74.905762
/t3d/tch0 iffff 2 -0.073242 0.053467 0.344482 75.853516
/t3d/tch0 iffff 0 -0.030029 -0.139893 0.419678 76.939941
/t3d/tch0 iffff 3 0.009277 -0.008545 0.757324 74.018555
/t3d/tch0 iffff 1 -0.048340 0.097900 0.706055 74.903320
/t3d/tch0 iffff 2 -0.076172 0.049805 0.343750 75.847656
/t3d/tch0 iffff 0 -0.028076 -0.150635 0.418701 76.943848
/t3d/tch0 iffff 3 0.011475 -0.014648 0.755371 74.022949
/t3d/tch0 iffff 1 -0.049072 0.096680 0.705811 74.901855
/t3d/tch0 iffff 2 -0.077881 0.047119 0.342773 75.844238
/t3d/tch0 iffff 0 -0.025879 -0.161133 0.416992 76.948242
/t3d/tch0 iffff 3 0.014648 -0.021484 0.752686 74.029297
/t3d/tch0 iffff 1 -0.050537 0.093994 0.704102 74.898926
/t3d/tch0 iffff 2 -0.079346 0.042480 0.341797 75.841309
/t3d/tch0 iffff 0 -0.022461 -0.172607 0.414551 76.955078
/t3d/tch0 iffff 3 0.017090 -0.028320 0.750732 74.034180
/t3d/tch0 iffff 1 -0.050781 0.092285 0.703125 74.898438
/t3d/tch0 iffff 2 -0.081787 0.040039 0.340820 75.836426
/t3d/tch0 iffff 0 -0.021973 -0.180908 0.412109 76.956055
/t3d/tch0 iffff 3 0.019287 -0.034424 0.748535 74.038574
/t3d/tch0 iffff 1 -0.051514 0.092041 0.701660 74.896973
/t3d/tch0 iffff 2 -0.082275 0.038086 0.339600 75.835449
/t3d/tch0 iffff 0 -0.021240 -0.189209 0.409668 76.957520
/t3d/tch0 iffff 3 0.020508 -0.041016 0.746826 74.041016
/t3d/tch0 iffff 1 -0.052246 0.091064 0.699951 74.895508
/t3d/tch0 iffff 2 -0.084717 0.035400 0.338623 75.830566
/t3d/tch0 iffff 0 -0.021973 -0.194580 0.406738 76.956055
/t3d/tch0 iffff 3 0.022705 -0.045654 0.745361 74.045410
/t3d/tch0 iffff 1 -0.052002 0.090332 0.697998 74.895996
/t3d/tch0 iffff 2 -0.086182 0.034668 0.337891 75.827637
/t3d/tch0 iffff 0 -0.020996 -0.199219 0.404541 76.958008
/t3d/tch0 iffff 3 0.024658 -0.048828 0.744385 74.049316
/t3d/tch0 iffff 1 -0.052002 0.090332 0.697021 74.895996
/t3d/tch0 iffff 2 -0.087158 0.033936 0.338135 75.825684
/t3d/tch0 iffff 0 -0.021729 -0.202148 0.403320 76.956543
/t3d/tch0 iffff 3 0.025879 -0.051270 0.743408 74.051758
/t3d/tch0 iffff 1 -0.052734 0.088379 0.697266 74.894531
/t3d/tch0 iffff 2 -0.087891 0.032959 0.338379 75.824219
/t3d/tch0 iffff 0 -0.020264 -0.202637 0.401855 76.959473
/t3d/tch0 iffff 3 0.025879 -0.052002 0.743652 74.051758
/t3d/tch0 iffff 1 -0.051514 0.087646 0.696777 74.896973
/t3d/tch0 iffff 2 -0.088867 0.033936 0.337891 75.822266
/t3d/tch0 iffff 0 -0.019043 -0.203613 0.400879 76.961914
/t3d/tch0 iffff 3 0.025879 -0.052002 0.743896 74.051758
/t3d/tch0 iffff 1 -0.051270 0.089111 0.697998 74.897461
/t3d/tch0 iffff 2 -0.087891 0.034912 0.337646 75.824219
/t3d/tch0 iffff 0 -0.019531 -0.202881 0.399902 76.960938
/t3d/tch0 iffff 3 0.025879 -0.052002 0.743896 74.051758
/t3d/tch0 iffff 1 -0.050781 0.086426 0.698975 74.898438
/t3d/tch0 iffff 2 -0.088623 0.033936 0.337402 75.822754
/t3d/tch0 iffff 0 -0.019775 -0.201904 0.397949 76.960449
/t3d/tch0 iffff 3 0.024658 -0.052002 0.744385 74.049316
/t3d/tch0 iffff 1 -0.050537 0.085693 0.699951 74.898926
/t3d/tch0 iffff 2 -0.087891 0.034912 0.337158 75.824219
/t3d/tch0 iffff 0 -0.019531 -0.202637 0.395508 76.960938
/t3d/tch0 iffff 3 0.024658 -0.052002 0.744629 74.049316
/t3d/tch0 iffff 1 -0.050293 0.084717 0.701904 74.899414
/t3d/tch0 iffff 2 -0.086914 0.033936 0.336914 75.826172
/t3d/tch0 iffff 0 -0.020508 -0.202637 0.393311 76.958984
/t3d/tch0 iffff 3 0.024658 -0.052002 0.744629 74.049316
/t3d/tch0 iffff 1 -0.051025 0.085205 0.702393 74.897949
/t3d/tch0 iffff 2 -0.086670 0.035156 0.336182 75.826660
/t3d/tch0 iffff 0 -0.021729 -0.204102 0.391113 76.956543
/t3d/tch0 iffff 3 0.024658 -0.052002 0.744873 74.049316
/t3d/tch0 iffff 1 -0.049805 0.086426 0.701904 74.900391
/t3d/tch0 iffff 2 -0.086670 0.035400 0.335449 75.826660
/t3d/tch0 iffff 0 -0.021240 -0.204834 0.390137 76.957520
/t3d/tch0 iffff 3 0.025879 -0.053711 0.744141 74.051758
/t3d/tch0 iffff 1 -0.048584 0.087158 0.701172 74.902832
/t3d/tch0 iffff 2 -0.085693 0.035400 0.334961 75.828613
/t3d/tch0 iffff 0 -0.021729 -0.205566 0.389893 76.956543
/t3d/tch0 iffff 3 0.026855 -0.054443 0.743896 74.053711
/t3d/tch0 iffff 1 -0.046143 0.087158 0.700439 74.907715
/t3d/tch0 iffff 2 -0.084229 0.035400 0.334961 75.831543
/t3d/tch0 iffff 0 -0.021240 -0.207031 0.390869 76.957520
/t3d/tch0 iffff 3 0.028076 -0.055420 0.743408 74.056152
/t3d/tch0 iffff 1 -0.044678 0.087158 0.700928 74.910645
/t3d/tch0 iffff 2 -0.082520 0.037354 0.335205 75.834961
/t3d/tch0 iffff 0 -0.020508 -0.207031 0.391602 76.958984
/t3d/tch0 iffff 3 0.029053 -0.056885 0.742676 74.058105
/t3d/tch0 iffff 1 -0.042725 0.085938 0.700928 74.914551
/t3d/tch0 iffff 2 -0.081787 0.037354 0.334961 75.836426
/t3d/tch0 iffff 0 -0.019775 -0.207764 0.391846 76.960449
/t3d/tch0 iffff 3 0.031250 -0.057617 0.742188 74.062500
/t3d/tch0 iffff 1 -0.040771 0.085205 0.700928 74.918457
/t3d/tch0 iffff 2 -0.080811 0.036377 0.334717 75.838379
/t3d/tch0 iffff 0 -0.020508 -0.208496 0.392090 76.958984
/t3d/tch0 iffff 3 0.032471 -0.059326 0.741455 74.064941
/t3d/tch0 iffff 1 -0.040771 0.083984 0.701172 74.918457
/t3d/tch0 iffff 2 -0.079834 0.035400 0.334229 75.840332
/t3d/tch0 iffff 0 -0.020264 -0.209229 0.391602 76.959473
/t3d/tch0 iffff 3 0.033447 -0.060059 0.741455 74.066895
/t3d/tch0 iffff 1 -0.040039 0.082764 0.701660 74.919922
/t3d/tch0 iffff 2 -0.079834 0.035400 0.334473 75.840332
/t3d/tch0 iffff 0 -0.021484 -0.209229 0.390869 76.957031
/t3d/tch0 iffff 3 0.032471 -0.060059 0.741699 74.064941
/t3d/tch0 iffff 1 -0.040771 0.081543 0.702393 74.918457
/t3d/tch0 iffff 2 -0.079834 0.034668 0.334473 75.840332
/t3d/tch0 iffff 0 -0.022705 -0.208496 0.389893 76.954590
/t3d/tch0 iffff 3 0.031250 -0.058594 0.742432 74.062500
/t3d/tch0 iffff 1 -0.040039 0.079102 0.703369 74.919922
/t3d/tch0 iffff 2 -0.080811 0.033691 0.334961 75.838379
/t3d/tch0 iffff 0 -0.024170 -0.208496 0.388916 76.951660
/t3d/tch0 iffff 3 0.029053 -0.056885 0.743408 74.058105
/t3d/tch0 iffff 1 -0.040771 0.079102 0.703125 74.918457
/t3d/tch0 iffff 2 -0.082520 0.034424 0.335449 75.834961
/t3d/tch0 iffff 0 -0.025391 -0.207764 0.387695 76.949219
/t3d/tch0 iffff 3 0.026855 -0.054443 0.744629 74.053711
/t3d/tch0 iffff 1 -0.041504 0.079590 0.702393 74.916992
/t3d/tch0 iffff 2 -0.084229 0.034424 0.335693 75.831543
/t3d/tch0 iffff 0 -0.027588 -0.206299 0.386963 76.944824
/t3d/tch0 iffff 3 0.023682 -0.052002 0.746094 74.047363
/t3d/tch0 iffff 1 -0.043945 0.081055 0.703369 74.912109
/t3d/tch0 iffff 2 -0.085693 0.035400 0.336426 75.828613
/t3d/tch0 iffff 0 -0.028076 -0.203125 0.386963 76.943848
/t3d/tch0 iffff 3 0.019287 -0.047363 0.748291 74.038574
/t3d/tch0 iffff 1 -0.046875 0.081543 0.705322 74.906250
/t3d/tch0 iffff 2 -0.087646 0.036133 0.338135 75.824707
/t3d/tch0 iffff 0 -0.031494 -0.199951 0.387451 76.937012
/t3d/tch0 iffff 3 0.014648 -0.041748 0.750977 74.029297
/t3d/tch0 iffff 1 -0.049316 0.082275 0.707031 74.901367
/t3d/tch0 iffff 2 -0.089355 0.037109 0.338623 75.821289
/t3d/tch0 iffff 0 -0.032471 -0.197021 0.388184 76.935059
/t3d/tch0 iffff 3 0.011475 -0.037598 0.752686 74.022949
/t3d/tch0 iffff 1 -0.052002 0.081055 0.708740 74.895996
/t3d/tch0 iffff 2 -0.091064 0.037842 0.338867 75.817871
/t3d/tch0 iffff 0 -0.033203 -0.195312 0.387939 76.933594
/t3d/tch0 iffff 3 0.006836 -0.033691 0.754639 74.013672
/t3d/tch0 iffff 1 -0.054443 0.082275 0.709717 74.891113
/t3d/tch0 iffff 2 -0.092529 0.038818 0.338623 75.814941
/t3d/tch0 iffff 0 -0.034180 -0.193115 0.388672 76.931641
/t3d/tch0 iffff 3 0.003418 -0.030518 0.756348 74.006836
/t3d/tch0 iffff 1 -0.055664 0.082275 0.709717 74.888672
/t3d/tch0 iffff 2 -0.094482 0.038818 0.338623 75.811035
/t3d/tch0 iffff 0 -0.035889 -0.190918 0.389893 76.928223
/t3d/tch0 iffff 3 0.002197 -0.027588 0.757080 74.004395
/t3d/tch0 iffff 1 -0.056152 0.082764 0.709717 74.887695
/t3d/tch0 iffff 2 -0.094482 0.039795 0.338867 75.811035
/t3d/tch0 iffff 0 -0.035889 -0.188477 0.390137 76.928223
/t3d/tch0 iffff 3 0.000000 -0.025391 0.758057 74.000000
/t3d/tch0 iffff 1 -0.056152 0.082275 0.709473 74.887695
/t3d/tch0 iffff 2 -0.095215 0.040771 0.338623 75.809570
/t3d/tch0 iffff 0 -0.036133 -0.186279 0.391113 76.927734
/t3d/tch0 iffff 3 -0.001221 -0.022949 0.758789 73.997559
/t3d/tch0 iffff 1 -0.056885 0.082275 0.709229 74.886230
/t3d/tch0 iffff 2 -0.096191 0.041504 0.338867 75.807617
/t3d/tch0 iffff 0 -0.036133 -0.184814 0.391357 76.927734
/t3d/tch0 iffff 3 -0.002197 -0.020752 0.759521 73.995605
/t3d/tch0 iffff 1 -0.056152 0.082275 0.709229 74.887695
/t3d/tch0 iffff 2 -0.096191 0.042480 0.339600 75.807617
/t3d/tch0 iffff 0 -0.036621 -0.180908 0.393555 76.926758
/t3d/tch0 iffff 3 -0.003418 -0.017578 0.760498 73.993164
/t3d/tch0 iffff 1 -0.055664 0.083496 0.709717 74.888672
/t3d/tch0 iffff 2 -0.096191 0.043457 0.340332 75.807617
/t3d/tch0 iffff 0 -0.036133 -0.177979 0.396973 76.927734
/t3d/tch0 iffff 3 -0.005615 -0.014648 0.761475 73.988770
/t3d/tch0 iffff 1 -0.055420 0.084229 0.710693 74.889160
/t3d/tch0 iffff 2 -0.095459 0.044189 0.340576 75.809082
/t3d/tch0 iffff 0 -0.034180 -0.175781 0.401855 76.931641
/t3d/tch0 iffff 3 -0.006836 -0.011719 0.762451 73.986328
/t3d/tch0 iffff 1 -0.053955 0.085449 0.710938 74.892090
/t3d/tch0 iffff 2 -0.094727 0.046143 0.341309 75.810547
/t3d/tch0 iffff 0 -0.031982 -0.173584 0.405273 76.936035
/t3d/tch0 iffff 3 -0.010254 -0.007812 0.764160 73.979492
/t3d/tch0 iffff 1 -0.054688 0.086670 0.711670 74.890625
/t3d/tch0 iffff 2 -0.093994 0.046143 0.341553 75.812012
/t3d/tch0 iffff 0 -0.031738 -0.173096 0.408447 76.936523
/t3d/tch0 iffff 3 -0.012451 -0.004883 0.765137 73.975098
/t3d/tch0 iffff 1 -0.055176 0.086182 0.712646 74.889648
/t3d/tch0 iffff 2 -0.093994 0.046875 0.341797 75.812012
/t3d/tch0 iffff 0 -0.031250 -0.171387 0.409424 76.937500
/t3d/tch0 iffff 3 -0.013428 -0.002441 0.766113 73.973145
/t3d/tch0 iffff 1 -0.055664 0.085449 0.713379 74.888672
/t3d/tch0 iffff 2 -0.093994 0.047119 0.341309 75.812012
/t3d/tch0 iffff 0 -0.032471 -0.169189 0.410400 76.935059
/t3d/tch0 iffff 3 -0.015869 -0.000244 0.766846 73.968262
/t3d/tch0 iffff 1 -0.056396 0.084961 0.713135 74.887207
/t3d/tch0 iffff 2 -0.095459 0.047119 0.340820 75.809082
/t3d/tch0 iffff 0 -0.034912 -0.166992 0.410645 76.930176
/t3d/tch0 iffff 3 -0.017822 0.000000 0.767334 73.964355
/t3d/tch0 iffff 1 -0.058838 0.083740 0.713135 74.882324
/t3d/tch0 iffff 2 -0.096924 0.046143 0.340576 75.806152
/t3d/tch0 iffff 0 -0.038330 -0.164795 0.410645 76.923340
/t3d/tch0 iffff 3 -0.019043 0.000000 0.767334 73.961914
/t3d/tch0 iffff 1 -0.060791 0.081787 0.713379 74.878418
/t3d/tch0 iffff 2 -0.098633 0.046143 0.339844 75.802734
/t3d/tch0 iffff 0 -0.041992 -0.162354 0.411621 76.916016
/t3d/tch0 iffff 3 -0.019043 0.000000 0.767334 73.961914
/t3d/tch0 iffff 1 -0.062012 0.078857 0.714111 74.875977
/t3d/tch0 iffff 2 -0.099365 0.046143 0.339600 75.801270
/t3d/tch0 iffff 0 -0.044434 -0.161621 0.411621 76.911133
/t3d/tch0 iffff 3 -0.019043 0.000000 0.767090 73.961914
/t3d/tch0 iffff 1 -0.063965 0.076416 0.714600 74.872070
/t3d/tch0 iffff 2 -0.101074 0.045166 0.339844 75.797852
/t3d/tch0 iffff 0 -0.047607 -0.159912 0.411377 76.904785
/t3d/tch0 iffff 3 -0.019043 0.000000 0.767090 73.961914
/t3d/tch0 iffff 1 -0.063965 0.074219 0.714844 74.872070
/t3d/tch0 iffff 2 -0.103516 0.046143 0.340332 75.792969
/t3d/tch0 iffff 0 -0.050049 -0.158447 0.410889 76.899902
/t3d/tch0 iffff 3 -0.019043 0.000000 0.766846 73.961914
/t3d/tch0 iffff 1 -0.065186 0.072998 0.715576 74.869629
/t3d/tch0 iffff 2 -0.103760 0.046143 0.340820 75.792480
/t3d/tch0 iffff 0 -0.051270 -0.156982 0.410400 76.897461
/t3d/tch0 iffff 3 -0.019043 0.000000 0.766846 73.961914
/t3d/tch0 iffff 1 -0.065918 0.072510 0.716309 74.868164
/t3d/tch0 iffff 2 -0.105225 0.047119 0.341064 75.789551
/t3d/tch0 iffff 0 -0.053467 -0.155273 0.408936 76.893066
/t3d/tch0 iffff 3 -0.019043 0.000000 0.766602 73.961914
/t3d/tch0 iffff 1 -0.067139 0.071289 0.718018 74.865723
/t3d/tch0 iffff 2 -0.104492 0.047119 0.341064 75.791016
/t3d/tch0 iffff 0 -0.053955 -0.153076 0.407471 76.892090
/t3d/tch0 iffff 3 -0.019043 0.000000 0.766602 73.961914
/t3d/tch0 iffff 1 -0.067383 0.070801 0.720215 74.865234
/t3d/tch0 iffff 2 -0.104492 0.047852 0.341064 75.791016
/t3d/tch0 iffff 0 -0.056396 -0.152344 0.407227 76.887207
/t3d/tch0 iffff 3 -0.019043 0.000000 0.766357 73.961914
/t3d/tch0 iffff 1 -0.068604 0.070312 0.722168 74.862793
/t3d/tch0 iffff 2 -0.104492 0.047852 0.341064 75.791016
/t3d/tch0 iffff 0 -0.057129 -0.151367 0.406738 76.885742
/t3d/tch0 iffff 3 -0.019043 0.000000 0.766357 73.961914
/t3d/tch0 iffff 1 -0.070312 0.069092 0.723633 74.859375
/t3d/tch0 iffff 2 -0.105469 0.046875 0.341553 75.789062
/t3d/tch0 iffff 0 -0.058594 -0.150635 0.406006 76.882812
/t3d/tch1 iffff 3 -0.019043 0.000000 0.000000 73.961914
/t3d/tch1 iffff 0 -0.058594 -0.150635 0.000000 76.882812
/t3d/tch1 iffff 2 -0.105469 0.046143 0.000000 75.789062
/t3d/tch1 iffff 1 -0.070312 0.069092 0.000000 74.859375
/t3d/tch1 iffff 3 0.026367 -0.081299 0.000000 60.052734
/t3d/control if 0 0.563477
/t3d/control if 0 0.563965
/t3d/tch0 iffff 0 -0.019043 0.000000 0.547398 73.961914
/t3d/tch0 iffff 2 -0.059082 -0.151367 0.289202 76.881836
/t3d/tch0 iffff 1 -0.105225 0.046143 0.243164 75.789551
/t3d/tch0 iffff 3 -0.069336 0.069580 0.516148 74.861328
/t3d/control if 0 0.564453
/t3d/control if 0 0.564941
/t3d/control if 0 0.565430
/t3d/tch0 iffff 0 -0.019287 0.000000 0.766357 73.961426
/t3d/tch0 iffff 3 -0.069092 0.066650 0.723145 74.861816
/t3d/tch0 iffff 1 -0.104492 0.042236 0.341309 75.791016
/t3d/tch0 iffff 2 -0.058594 -0.156006 0.403320 76.882812
/t3d/control if 0 0.565918
/t3d/control if 0 0.566406
/t3d/tch0 iffff 0 -0.019043 0.000000 0.766113 73.961914
/t3d/tch0 iffff 3 -0.074463 0.063721 0.732422 74.851074
/t3d/tch0 iffff 1 -0.106689 0.045410 0.345703 75.786621
/t3d/tch0 iffff 2 -0.060059 -0.155273 0.405029 76.879883
/t3d/tch0 iffff 0 -0.019043 0.000000 0.766113 73.961914
/t3d/tch0 iffff 3 -0.072998 0.062256 0.729248 74.854004
/t3d/tch0 iffff 1 -0.106201 0.044189 0.341309 75.787598
/t3d/tch0 iffff 2 -0.060791 -0.156738 0.401855 76.878418
/t3d/tch0 iffff 0 -0.019043 0.000000 0.766113 73.961914
/t3d/tch0 iffff 3 -0.073730 0.059326 0.734131 74.852539
/t3d/tch0 iffff 1 -0.107666 0.045410 0.344971 75.784668
/t3d/tch0 iffff 2 -0.060547 -0.159180 0.400635 76.878906
/t3d/tch0 iffff 0 -0.019043 0.000000 0.766113 73.961914
/t3d/tch0 iffff 3 -0.076904 0.060547 0.736084 74.846191
/t3d/tch0 iffff 1 -0.108398 0.047119 0.345459 75.783203
/t3d/tch0 iffff 2 -0.061279 -0.157471 0.400635 76.877441
/t3d/tch0 iffff 0 -0.019043 0.000000 0.765869 73.961914
/t3d/tch0 iffff 3 -0.075684 0.061279 0.733643 74.848633
/t3d/tch0 iffff 1 -0.107178 0.044922 0.342285 75.785645
/t3d/tch0 iffff 2 -0.061035 -0.159668 0.396484 76.877930
/t3d/tch0 iffff 0 -0.019043 0.000000 0.765869 73.961914
/t3d/tch0 iffff 3 -0.078613 0.061768 0.737793 74.842773
/t3d/tch0 iffff 1 -0.109131 0.047363 0.344727 75.781738
/t3d/tch0 iffff 2 -0.060303 -0.159424 0.394775 76.879395
/t3d/tch0 iffff 0 -0.019043 0.000000 0.765869 73.961914
/t3d/tch0 iffff 3 -0.080566 0.062500 0.737793 74.838867
/t3d/tch0 iffff 1 -0.110596 0.046631 0.343262 75.778809
/t3d/tch0 iffff 2 -0.060791 -0.160400 0.393799 76.878418
/t3d/tch0 iffff 0 -0.019287 0.000000 0.765869 73.961426
/t3d/tch0 iffff 3 -0.079834 0.059326 0.739014 74.840332
/t3d/tch0 iffff 1 -0.110596 0.045898 0.341797 75.778809
/t3d/tch0 iffff 2 -0.060303 -0.164062 0.391357 76.879395
/t3d/tch0 iffff 0 -0.019287 -0.001709 0.765381 73.961426
/t3d/tch0 iffff 3 -0.076660 0.054688 0.741455 74.846680
/t3d/tch0 iffff 1 -0.111328 0.044678 0.343262 75.777344
/t3d/tch0 iffff 2 -0.061279 -0.166260 0.388672 76.877441
/t3d/tch0 iffff 0 -0.017090 -0.003174 0.764404 73.965820
/t3d/tch0 iffff 3 -0.075195 0.049561 0.742920 74.849609
/t3d/tch0 iffff 1 -0.113037 0.041992 0.342041 75.773926
/t3d/tch0 iffff 2 -0.062500 -0.169189 0.386963 76.875000
/t3d/tch0 iffff 0 -0.015869 -0.005615 0.763428 73.968262
/t3d/tch0 iffff 3 -0.073730 0.043457 0.744629 74.852539
/t3d/tch0 iffff 1 -0.113770 0.040039 0.342285 75.772461
/t3d/tch0 iffff 2 -0.062500 -0.172363 0.385010 76.875000
/t3d/tch0 iffff 0 -0.015869 -0.005615 0.763428 73.968262
/t3d/tch0 iffff 3 -0.071045 0.036133 0.746582 74.857910
/t3d/tch0 iffff 1 -0.114990 0.038086 0.343994 75.770020
/t3d/tch0 iffff 2 -0.063232 -0.174561 0.385010 76.873535
/t3d/tch0 iffff 0 -0.017090 -0.005615 0.763672 73.965820
/t3d/tch0 iffff 3 -0.070557 0.033691 0.747070 74.858887
/t3d/tch0 iffff 1 -0.115723 0.036377 0.343262 75.768555
/t3d/tch0 iffff 2 -0.063721 -0.175293 0.383789 76.872559
/t3d/tch0 iffff 0 -0.018066 -0.004883 0.764160 73.963867
/t3d/tch0 iffff 3 -0.068359 0.030029 0.748291 74.863281
/t3d/tch0 iffff 1 -0.115723 0.036133 0.344238 75.768555
/t3d/tch0 iffff 2 -0.062500 -0.177734 0.382568 76.875000
/t3d/tch0 iffff 0 -0.019287 -0.002441 0.765137 73.961426
/t3d/tch0 iffff 3 -0.066406 0.027588 0.749023 74.867188
/t3d/tch0 iffff 1 -0.116455 0.037109 0.345215 75.767090
/t3d/tch0 iffff 2 -0.062256 -0.177734 0.382080 76.875488
/t3d/tch0 iffff 0 -0.019287 -0.000244 0.765625 73.961426
/t3d/tch0 iffff 3 -0.066406 0.030029 0.748047 74.867188
/t3d/tch0 iffff 1 -0.116455 0.038086 0.344971 75.767090
/t3d/tch0 iffff 2 -0.061768 -0.178223 0.380615 76.876465
/t3d/tch0 iffff 0 -0.019287 0.000000 0.765625 73.961426
/t3d/tch0 iffff 3 -0.066406 0.031250 0.747559 74.867188
/t3d/tch0 iffff 1 -0.117432 0.038818 0.344971 75.765137
/t3d/tch0 iffff 2 -0.061279 -0.179932 0.378662 76.877441
/t3d/tch0 iffff 0 -0.019287 0.000000 0.765625 73.961426
/t3d/tch0 iffff 3 -0.067871 0.034912 0.745850 74.864258
/t3d/tch0 iffff 1 -0.117432 0.039062 0.344238 75.765137
/t3d/tch0 iffff 2 -0.062256 -0.182129 0.377441 76.875488
/t3d/tch0 iffff 0 -0.019043 0.000000 0.765625 73.961914
/t3d/tch0 iffff 3 -0.067871 0.037354 0.745361 74.864258
/t3d/tch0 iffff 1 -0.117920 0.039062 0.342529 75.764160
/t3d/tch0 iffff 2 -0.062744 -0.184326 0.375732 76.874512
/t3d/tch0 iffff 0 -0.019287 0.000000 0.765625 73.961426
/t3d/tch0 iffff 3 -0.066406 0.037354 0.745361 74.867188
/t3d/tch0 iffff 1 -0.119385 0.039062 0.342285 75.761230
/t3d/tch0 iffff 2 -0.063232 -0.188232 0.374268 76.873535
/t3d/tch0 iffff 0 -0.019287 0.000000 0.765625 73.961426
/t3d/tch0 iffff 3 -0.064941 0.037354 0.745605 74.870117
/t3d/tch0 iffff 1 -0.120361 0.037354 0.340576 75.759277
/t3d/tch0 iffff 2 -0.064209 -0.191162 0.372314 76.871582
/t3d/tch0 iffff 0 -0.019287 0.000000 0.765625 73.961426
/t3d/tch0 iffff 3 -0.062988 0.037354 0.746094 74.874023
/t3d/tch0 iffff 1 -0.120850 0.035645 0.339600 75.758301
/t3d/tch0 iffff 2 -0.062744 -0.194824 0.370117 76.874512
/t3d/tch0 iffff 0 -0.019287 0.000000 0.765625 73.961426
/t3d/tch0 iffff 3 -0.061768 0.038574 0.745850 74.876465
/t3d/tch0 iffff 1 -0.121582 0.035889 0.339111 75.756836
/t3d/tch0 iffff 2 -0.062988 -0.197021 0.368652 76.874023
/t3d/tch0 iffff 0 -0.019287 0.000000 0.765381 73.961426
/t3d/tch0 iffff 3 -0.059082 0.038574 0.746338 74.881836
/t3d/tch0 iffff 1 -0.119873 0.034912 0.338379 75.760254
/t3d/tch0 iffff 2 -0.061279 -0.200928 0.366455 76.877441
/t3d/tch0 iffff 0 -0.019287 -0.000977 0.765137 73.961426
/t3d/tch0 iffff 3 -0.055664 0.038574 0.747070 74.888672
/t3d/tch0 iffff 1 -0.118164 0.035156 0.337646 75.763672
/t3d/tch0 iffff 2 -0.059814 -0.204102 0.364502 76.880371
/t3d/tch0 iffff 0 -0.019287 -0.000977 0.765137 73.961426
/t3d/tch0 iffff 3 -0.052246 0.038574 0.747803 74.895508
/t3d/tch0 iffff 1 -0.117188 0.034424 0.337158 75.765625
/t3d/tch0 iffff 2 -0.057861 -0.207031 0.363037 76.884277
/t3d/tch0 iffff 0 -0.019287 -0.001709 0.764893 73.961426
/t3d/tch0 iffff 3 -0.049561 0.041016 0.747803 74.900879
/t3d/tch0 iffff 1 -0.114746 0.033447 0.336670 75.770508
/t3d/tch0 iffff 2 -0.056641 -0.208984 0.361572 76.886719
/t3d/tch0 iffff 0 -0.019287 -0.003174 0.764648 73.961426
/t3d/tch0 iffff 3 -0.047607 0.042236 0.747803 74.904785
/t3d/tch0 iffff 1 -0.113037 0.031250 0.336914 75.773926
/t3d/tch0 iffff 2 -0.054199 -0.212891 0.359131 76.891602
/t3d/tch0 iffff 0 -0.019287 -0.004883 0.764160 73.961426
/t3d/tch0 iffff 3 -0.044922 0.041260 0.748535 74.910156
/t3d/tch0 iffff 1 -0.111572 0.031250 0.337891 75.776855
/t3d/tch0 iffff 2 -0.053467 -0.215332 0.356934 76.893066
/t3d/tch0 iffff 0 -0.018066 -0.007080 0.763428 73.963867
/t3d/tch0 iffff 3 -0.041992 0.040039 0.749512 74.916016
/t3d/tch0 iffff 1 -0.109863 0.029297 0.337891 75.780273
/t3d/tch0 iffff 2 -0.052979 -0.218262 0.355225 76.894043
/t3d/tch0 iffff 0 -0.014648 -0.010010 0.761963 73.970703
/t3d/tch0 iffff 3 -0.040283 0.038818 0.750000 74.919434
/t3d/tch0 iffff 1 -0.108154 0.029297 0.337891 75.783691
/t3d/tch0 iffff 2 -0.051514 -0.220459 0.353760 76.896973
/t3d/tch0 iffff 0 -0.010254 -0.013184 0.760010 73.979492
/t3d/tch0 iffff 3 -0.040283 0.040039 0.749756 74.919434
/t3d/tch0 iffff 1 -0.106689 0.029297 0.337891 75.786621
/t3d/tch0 iffff 2 -0.049561 -0.223633 0.352295 76.900879
/t3d/tch0 iffff 0 -0.006836 -0.015381 0.758789 73.986328
/t3d/tch0 iffff 3 -0.040283 0.047363 0.747559 74.919434
/t3d/tch0 iffff 1 -0.104248 0.028320 0.338135 75.791504
/t3d/tch0 iffff 2 -0.048340 -0.224854 0.351318 76.903320
/t3d/tch0 iffff 0 -0.002197 -0.017578 0.757080 73.995605
/t3d/tch0 iffff 3 -0.040283 0.053711 0.746094 74.919434
/t3d/tch0 iffff 1 -0.102783 0.029297 0.339844 75.794434
/t3d/tch0 iffff 2 -0.048096 -0.226562 0.350342 76.903809
/t3d/tch0 iffff 0 0.000000 -0.020752 0.755859 74.000000
/t3d/tch0 iffff 3 -0.040283 0.058594 0.744873 74.919434
/t3d/tch0 iffff 1 -0.100586 0.029053 0.341309 75.798828
/t3d/tch0 iffff 2 -0.047363 -0.227295 0.349365 76.905273
/t3d/tch0 iffff 0 0.003418 -0.022217 0.754639 74.006836
/t3d/tch0 iffff 3 -0.040283 0.062256 0.743896 74.919434
/t3d/tch0 iffff 1 -0.098145 0.030029 0.342041 75.803711
/t3d/tch0 iffff 2 -0.046875 -0.228027 0.347656 76.906250
/t3d/tch0 iffff 0 0.006836 -0.024414 0.753418 74.013672
/t3d/tch0 iffff 3 -0.040771 0.063477 0.743408 74.918457
/t3d/tch0 iffff 1 -0.097412 0.028809 0.343018 75.805176
/t3d/tch0 iffff 2 -0.048828 -0.227783 0.346191 76.902344
/t3d/tch0 iffff 0 0.009033 -0.026123 0.752686 74.018066
/t3d/tch0 iffff 3 -0.040771 0.063477 0.743408 74.918457
/t3d/tch0 iffff 1 -0.098145 0.027832 0.343262 75.803711
/t3d/tch0 iffff 2 -0.050781 -0.228027 0.344727 76.898438
/t3d/tch0 iffff 0 0.010254 -0.026123 0.752441 74.020508
/t3d/tch0 iffff 3 -0.040771 0.062256 0.743896 74.918457
/t3d/tch0 iffff 1 -0.098389 0.026855 0.343994 75.803223
/t3d/tch0 iffff 2 -0.053711 -0.228760 0.343506 76.892578
/t3d/tch0 iffff 0 0.009033 -0.025391 0.753174 74.018066
/t3d/tch0 iffff 3 -0.040771 0.062256 0.743896 74.918457
/t3d/tch0 iffff 1 -0.100098 0.027588 0.345215 75.799805
/t3d/tch0 iffff 2 -0.055664 -0.227051 0.343018 76.888672
/t3d/tch0 iffff 0 0.005615 -0.022217 0.754883 74.011230
/t3d/tch0 iffff 3 -0.040771 0.061035 0.744141 74.918457
/t3d/tch0 iffff 1 -0.101074 0.027588 0.345947 75.797852
/t3d/tch0 iffff 2 -0.057129 -0.226318 0.342285 76.885742
/t3d/tch0 iffff 0 0.002197 -0.019287 0.756348 74.004395
/t3d/tch0 iffff 3 -0.041504 0.062256 0.743652 74.916992
/t3d/tch0 iffff 1 -0.102783 0.028564 0.346680 75.794434
/t3d/tch0 iffff 2 -0.058594 -0.225342 0.341553 76.882812
/t3d/tch0 iffff 0 0.000000 -0.016846 0.757812 74.000000
/t3d/tch0 iffff 3 -0.041992 0.065918 0.742676 74.916016
/t3d/tch0 iffff 1 -0.104492 0.029297 0.347656 75.791016
/t3d/tch0 iffff 2 -0.058350 -0.226074 0.340332 76.883301
/t3d/tch0 iffff 0 -0.001221 -0.015381 0.758545 73.997559
/t3d/tch0 iffff 3 -0.042725 0.068604 0.741699 74.914551
/t3d/tch0 iffff 1 -0.104736 0.030029 0.349121 75.790527
/t3d/tch0 iffff 2 -0.058594 -0.227051 0.338623 76.882812
/t3d/tch0 iffff 0 0.000000 -0.014648 0.758301 74.000000
/t3d/tch0 iffff 3 -0.043457 0.069824 0.741211 74.913086
/t3d/tch0 iffff 1 -0.105713 0.027832 0.350830 75.788574
/t3d/tch0 iffff 2 -0.057373 -0.229004 0.335449 76.885254
/t3d/tch0 iffff 0 0.000000 -0.015381 0.758301 74.000000
/t3d/tch0 iffff 3 -0.044189 0.069824 0.740967 74.911621
/t3d/tch0 iffff 1 -0.104980 0.027588 0.351074 75.790039
/t3d/tch0 iffff 2 -0.057373 -0.231445 0.333252 76.885254
/t3d/tch0 iffff 0 0.000000 -0.016846 0.757812 74.000000
/t3d/tch0 iffff 3 -0.044189 0.069824 0.740967 74.911621
/t3d/tch0 iffff 1 -0.104980 0.024902 0.351807 75.790039
/t3d/tch0 iffff 2 -0.057129 -0.235107 0.331787 76.885742
/t3d/tch0 iffff 0 0.002197 -0.019287 0.756592 74.004395
/t3d/tch0 iffff 3 -0.045410 0.069824 0.740723 74.909180
/t3d/tch0 iffff 1 -0.105713 0.022217 0.351074 75.788574
/t3d/tch0 iffff 2 -0.057617 -0.239014 0.331055 76.884766
/t3d/tch0 iffff 0 0.003418 -0.022949 0.755371 74.006836
/t3d/tch0 iffff 3 -0.046143 0.069824 0.740479 74.907715
/t3d/tch0 iffff 1 -0.105469 0.019531 0.349609 75.789062
/t3d/tch0 iffff 2 -0.057861 -0.242676 0.329346 76.884277
/t3d/tch0 iffff 0 0.006836 -0.027588 0.753418 74.013672
/t3d/tch0 iffff 3 -0.046875 0.068604 0.740723 74.906250
/t3d/tch0 iffff 1 -0.106445 0.016846 0.348145 75.787109
/t3d/tch0 iffff 2 -0.056152 -0.248047 0.327637 76.887695
/t3d/tch0 iffff 0 0.010254 -0.032227 0.751709 74.020508
/t3d/tch0 iffff 3 -0.047607 0.067383 0.740723 74.904785
/t3d/tch0 iffff 1 -0.106201 0.013184 0.347412 75.787598
/t3d/tch0 iffff 2 -0.056641 -0.252441 0.326660 76.886719
/t3d/tch0 iffff 0 0.011475 -0.036133 0.750488 74.022949
/t3d/tch0 iffff 3 -0.047607 0.065918 0.741211 74.904785
/t3d/tch0 iffff 1 -0.107666 0.012207 0.346680 75.784668
/t3d/tch0 iffff 2 -0.056152 -0.257080 0.325684 76.887695
/t3d/tch0 iffff 0 0.013672 -0.040039 0.749023 74.027344
/t3d/tch0 iffff 3 -0.047607 0.063477 0.741699 74.904785
/t3d/tch0 iffff 1 -0.108398 0.009521 0.346436 75.783203
/t3d/tch0 iffff 2 -0.054932 -0.262451 0.324463 76.890137
/t3d/tch0 iffff 0 0.014648 -0.042480 0.748291 74.029297
/t3d/tch0 iffff 3 -0.047607 0.062256 0.742188 74.904785
/t3d/tch0 iffff 1 -0.107422 0.008545 0.345947 75.785156
/t3d/tch0 iffff 2 -0.054199 -0.267578 0.324463 76.891602
/t3d/tch0 iffff 0 0.014648 -0.044189 0.748047 74.029297
/t3d/tch0 iffff 3 -0.046875 0.061035 0.742676 74.906250
/t3d/tch0 iffff 1 -0.107422 0.006836 0.345947 75.785156
/t3d/tch0 iffff 2 -0.051514 -0.273682 0.324707 76.896973
/t3d/tch0 iffff 0 0.014648 -0.046387 0.747559 74.029297
/t3d/tch0 iffff 3 -0.046143 0.059814 0.743164 74.907715
/t3d/tch0 iffff 1 -0.106689 0.003906 0.346436 75.786621
/t3d/tch0 iffff 2 -0.049805 -0.280029 0.324951 76.900391
/t3d/tch0 iffff 0 0.014648 -0.048096 0.747314 74.029297
/t3d/tch0 iffff 3 -0.045410 0.056152 0.744141 74.909180
/t3d/tch0 iffff 1 -0.106689 0.001221 0.346680 75.786621
/t3d/tch0 iffff 2 -0.047119 -0.286865 0.324707 76.905762
/t3d/tch0 iffff 0 0.013672 -0.048828 0.747314 74.027344
/t3d/tch0 iffff 3 -0.045410 0.053711 0.744873 74.909180
/t3d/tch0 iffff 1 -0.108643 0.000000 0.347412 75.782715
/t3d/tch0 iffff 2 -0.045166 -0.292236 0.324219 76.909668
/t3d/tch0 iffff 0 0.012451 -0.050537 0.747559 74.024902
/t3d/tch0 iffff 3 -0.044922 0.049805 0.745850 74.910156
/t3d/tch0 iffff 1 -0.107910 -0.001953 0.347656 75.784180
/t3d/tch0 iffff 2 -0.043457 -0.297607 0.324219 76.913086
/t3d/tch0 iffff 0 0.011475 -0.051270 0.747559 74.022949
/t3d/tch0 iffff 3 -0.044189 0.047363 0.746582 74.911621
/t3d/tch0 iffff 1 -0.108643 -0.002930 0.348145 75.782715
/t3d/tch0 iffff 2 -0.041992 -0.302734 0.324951 76.916016
/t3d/tch0 iffff 0 0.010254 -0.052979 0.747803 74.020508
/t3d/tch0 iffff 3 -0.043457 0.043701 0.747559 74.913086
/t3d/tch0 iffff 1 -0.109375 -0.004883 0.347656 75.781250
/t3d/tch0 iffff 2 -0.041504 -0.309082 0.325684 76.916992
/t3d/tch0 iffff 0 0.009033 -0.053711 0.747803 74.018066
/t3d/tch0 iffff 3 -0.043457 0.040039 0.748535 74.913086
/t3d/tch0 iffff 1 -0.110352 -0.006836 0.348389 75.779297
/t3d/tch0 iffff 2 -0.039062 -0.314453 0.326660 76.921875
/t3d/tch0 iffff 0 0.009033 -0.054443 0.747559 74.018066
/t3d/tch0 iffff 3 -0.043457 0.037598 0.749023 74.913086
/t3d/tch0 iffff 1 -0.112061 -0.007812 0.349121 75.775879
/t3d/tch0 iffff 2 -0.038574 -0.319824 0.327881 76.922852
/t3d/tch0 iffff 0 0.008057 -0.055420 0.747803 74.016113
/t3d/tch0 iffff 3 -0.043457 0.035156 0.749512 74.913086
/t3d/tch0 iffff 1 -0.113037 -0.008789 0.349609 75.773926
/t3d/tch0 iffff 2 -0.037354 -0.325195 0.330078 76.925293
/t3d/tch0 iffff 0 0.006836 -0.054443 0.748535 74.013672
/t3d/tch0 iffff 3 -0.043457 0.032715 0.750000 74.913086
/t3d/tch0 iffff 1 -0.114746 -0.009766 0.350098 75.770508
/t3d/tch0 iffff 2 -0.037842 -0.329834 0.332031 76.924316
/t3d/tch0 iffff 0 0.004639 -0.052002 0.749512 74.009277
/t3d/tch0 iffff 3 -0.044189 0.031494 0.750244 74.911621
/t3d/tch0 iffff 1 -0.115479 -0.009766 0.350586 75.769043
/t3d/tch0 iffff 2 -0.037598 -0.333740 0.334473 76.924805
/t3d/tch0 iffff 0 0.003418 -0.051270 0.750000 74.006836
/t3d/tch0 iffff 3 -0.044189 0.027832 0.750732 74.911621
/t3d/tch0 iffff 1 -0.116455 -0.010742 0.351074 75.767090
/t3d/tch0 iffff 2 -0.037109 -0.338379 0.334473 76.925781
/t3d/tch0 iffff 0 0.003418 -0.052002 0.750000 74.006836
/t3d/tch0 iffff 3 -0.044922 0.025391 0.751221 74.910156
/t3d/tch0 iffff 1 -0.116211 -0.012695 0.350586 75.767578
/t3d/tch0 iffff 2 -0.036377 -0.342285 0.333252 76.927246
/t3d/tch0 iffff 0 0.004639 -0.054443 0.749268 74.009277
/t3d/tch0 iffff 3 -0.044189 0.022949 0.751953 74.911621
/t3d/tch0 iffff 1 -0.117188 -0.015381 0.349854 75.765625
/t3d/tch0 iffff 2 -0.036133 -0.347412 0.332275 76.927734
/t3d/tch0 iffff 0 0.005615 -0.057617 0.748291 74.011230
/t3d/tch0 iffff 3 -0.044189 0.020508 0.752441 74.911621
/t3d/tch0 iffff 1 -0.116943 -0.018066 0.348389 75.766113
/t3d/tch0 iffff 2 -0.034668 -0.353760 0.330566 76.930664
/t3d/tch0 iffff 0 0.005615 -0.060791 0.747314 74.011230
/t3d/tch0 iffff 3 -0.044189 0.018066 0.752930 74.911621
/t3d/tch0 iffff 1 -0.117676 -0.020508 0.347168 75.764648
/t3d/tch0 iffff 2 -0.035889 -0.358154 0.329102 76.928223
/t3d/tch0 iffff 0 0.006836 -0.064209 0.746338 74.013672
/t3d/tch0 iffff 3 -0.044189 0.016846 0.753174 74.911621
/t3d/tch0 iffff 1 -0.117432 -0.022461 0.346191 75.765137
/t3d/tch0 iffff 2 -0.036377 -0.363525 0.327881 76.927246
/t3d/tch0 iffff 0 0.008057 -0.067383 0.745361 74.016113
/t3d/tch0 iffff 3 -0.044189 0.015625 0.753418 74.911621
/t3d/tch0 iffff 1 -0.117432 -0.026123 0.345215 75.765137
/t3d/tch0 iffff 2 -0.038818 -0.368164 0.328125 76.922363
/t3d/tch0 iffff 0 0.008057 -0.068848 0.745117 74.016113
/t3d/tch0 iffff 3 -0.044189 0.015625 0.753418 74.911621
/t3d/tch0 iffff 1 -0.118164 -0.027832 0.344238 75.763672
/t3d/tch0 iffff 2 -0.040771 -0.373535 0.329590 76.918457
/t3d/tch0 iffff 0 0.006836 -0.071289 0.744629 74.013672
/t3d/tch0 iffff 3 -0.044189 0.015625 0.753174 74.911621
/t3d/tch0 iffff 1 -0.117188 -0.030518 0.343018 75.765625
/t3d/tch0 iffff 2 -0.041992 -0.378906 0.331055 76.916016
/t3d/tch0 iffff 0 0.006836 -0.072021 0.744873 74.013672
/t3d/tch0 iffff 3 -0.043457 0.015625 0.753418 74.913086
/t3d/tch0 iffff 1 -0.115967 -0.034180 0.342285 75.768066
/t3d/tch0 iffff 2 -0.042236 -0.384521 0.332031 76.915527
/t3d/tch0 iffff 0 0.005615 -0.072998 0.744873 74.011230
/t3d/tch0 iffff 3 -0.043457 0.015625 0.753418 74.913086
/t3d/tch0 iffff 1 -0.115234 -0.035645 0.340332 75.769531
/t3d/tch0 iffff 2 -0.042480 -0.388916 0.333008 76.915039
/t3d/tch0 iffff 0 0.004639 -0.072998 0.745117 74.009277
/t3d/tch0 iffff 3 -0.042725 0.016846 0.752930 74.914551
/t3d/tch0 iffff 1 -0.114014 -0.037598 0.339111 75.771973
/t3d/tch0 iffff 2 -0.043213 -0.391357 0.333008 76.913574
/t3d/tch0 iffff 0 0.003418 -0.072998 0.745361 74.006836
/t3d/tch0 iffff 3 -0.041992 0.015625 0.753418 74.916016
/t3d/tch0 iffff 1 -0.113037 -0.041016 0.337891 75.773926
/t3d/tch0 iffff 2 -0.044678 -0.392822 0.332275 76.910645
/t3d/tch0 iffff 0 0.002197 -0.072998 0.745850 74.004395
/t3d/tch0 iffff 3 -0.041992 0.015625 0.753418 74.916016
/t3d/tch0 iffff 1 -0.112793 -0.041748 0.336426 75.774414
/t3d/tch0 iffff 2 -0.045898 -0.394287 0.331543 76.908203
/t3d/tch0 iffff 0 0.001221 -0.072021 0.746338 74.002441
/t3d/tch0 iffff 3 -0.041504 0.015625 0.753662 74.916992
/t3d/tch0 iffff 1 -0.112793 -0.044678 0.336182 75.774414
/t3d/tch0 iffff 2 -0.046631 -0.395752 0.331055 76.906738
/t3d/tch0 iffff 0 0.000000 -0.070557 0.747070 74.000000
/t3d/tch0 iffff 3 -0.041992 0.015625 0.753174 74.916016
/t3d/tch0 iffff 1 -0.113525 -0.045410 0.334717 75.772949
/t3d/tch0 iffff 2 -0.048340 -0.395752 0.331299 76.903320
/t3d/tch0 iffff 0 -0.002197 -0.069580 0.747803 73.995605
/t3d/tch0 iffff 3 -0.042725 0.016846 0.752686 74.914551
/t3d/tch0 iffff 1 -0.114014 -0.046143 0.333740 75.771973
/t3d/tch0 iffff 2 -0.050781 -0.395752 0.331299 76.898438
/t3d/tch0 iffff 0 -0.004639 -0.068848 0.748779 73.990723
/t3d/tch0 iffff 3 -0.044189 0.018066 0.751953 74.911621
/t3d/tch0 iffff 1 -0.115723 -0.045166 0.332520 75.768555
/t3d/tch0 iffff 2 -0.053223 -0.395752 0.331055 76.893555
/t3d/tch0 iffff 0 -0.006836 -0.066406 0.749756 73.986328
/t3d/tch0 iffff 3 -0.044922 0.019287 0.751465 74.910156
/t3d/tch0 iffff 1 -0.115479 -0.046875 0.331543 75.769043
/t3d/tch0 iffff 2 -0.054199 -0.396484 0.331543 76.891602
/t3d/tch0 iffff 0 -0.009033 -0.065674 0.750488 73.981934
/t3d/tch0 iffff 3 -0.046143 0.019287 0.751221 74.907715
/t3d/tch0 iffff 1 -0.116211 -0.046875 0.331055 75.767578
/t3d/tch0 iffff 2 -0.054932 -0.398682 0.332275 76.890137
/t3d/tch0 iffff 0 -0.009033 -0.066406 0.750488 73.981934
/t3d/tch0 iffff 3 -0.046875 0.019287 0.750977 74.906250
/t3d/tch0 iffff 1 -0.116943 -0.049561 0.330566 75.766113
/t3d/tch0 iffff 2 -0.054932 -0.401367 0.332520 76.890137
/t3d/tch0 iffff 0 -0.009033 -0.067383 0.750244 73.981934
/t3d/tch0 iffff 3 -0.046875 0.018066 0.751465 74.906250
/t3d/tch0 iffff 1 -0.117676 -0.049561 0.330078 75.764648
/t3d/tch0 iffff 2 -0.055908 -0.403564 0.332520 76.888184
/t3d/tch0 iffff 0 -0.011230 -0.067383 0.750732 73.977539
/t3d/tch0 iffff 3 -0.047607 0.018066 0.751221 74.904785
/t3d/tch0 iffff 1 -0.118652 -0.051270 0.330078 75.762695
/t3d/tch0 iffff 2 -0.056641 -0.405762 0.332520 76.886719
/t3d/tch0 iffff 0 -0.012451 -0.067383 0.750732 73.975098
/t3d/tch0 iffff 3 -0.047607 0.016846 0.751465 74.904785
/t3d/tch0 iffff 1 -0.119385 -0.054199 0.329834 75.761230
/t3d/tch0 iffff 2 -0.057373 -0.408936 0.332031 76.885254
/t3d/tch0 iffff 0 -0.013672 -0.067383 0.750977 73.972656
/t3d/tch0 iffff 3 -0.048096 0.015625 0.751709 74.903809
/t3d/tch0 iffff 1 -0.120117 -0.055908 0.329834 75.759766
/t3d/tch0 iffff 2 -0.058838 -0.411865 0.331543 76.882324
/t3d/tch0 iffff 0 -0.014648 -0.066406 0.751465 73.970703
/t3d/tch0 iffff 3 -0.048828 0.014404 0.751709 74.902344
/t3d/tch0 iffff 1 -0.120850 -0.056885 0.329590 75.758301
/t3d/tch0 iffff 2 -0.060303 -0.414307 0.330566 76.879395
/t3d/tch0 iffff 0 -0.015869 -0.066406 0.751953 73.968262
/t3d/tch0 iffff 3 -0.048828 0.011963 0.752197 74.902344
/t3d/tch0 iffff 1 -0.122314 -0.058594 0.329590 75.755371
/t3d/tch0 iffff 2 -0.061279 -0.417236 0.329102 76.877441
/t3d/tch0 iffff 0 -0.018066 -0.067383 0.752197 73.963867
/t3d/tch0 iffff 3 -0.050293 0.011963 0.751709 74.899414
/t3d/tch0 iffff 1 -0.123047 -0.059570 0.329346 75.753906
/t3d/tch0 iffff 2 -0.062012 -0.419434 0.328125 76.875977
/t3d/tch0 iffff 0 -0.019287 -0.068115 0.752197 73.961426
/t3d/tch0 iffff 3 -0.052979 0.013184 0.750732 74.894043
/t3d/tch0 iffff 1 -0.124023 -0.060547 0.328857 75.751953
/t3d/tch0 iffff 2 -0.064209 -0.421875 0.327881 76.871582
/t3d/tch0 iffff 0 -0.019287 -0.069580 0.751709 73.961426
/t3d/tch0 iffff 3 -0.055664 0.014404 0.749756 74.888672
/t3d/tch0 iffff 1 -0.124756 -0.061279 0.328857 75.750488
/t3d/tch0 iffff 2 -0.064941 -0.423340 0.327637 76.870117
/t3d/tch0 iffff 0 -0.019287 -0.072998 0.750732 73.961426
/t3d/tch0 iffff 3 -0.058350 0.015625 0.748779 74.883301
/t3d/tch0 iffff 1 -0.125488 -0.062256 0.328125 75.749023
/t3d/tch0 iffff 2 -0.066650 -0.425049 0.327881 76.866699
/t3d/tch0 iffff 0 -0.019287 -0.076172 0.750000 73.961426
/t3d/tch0 iffff 3 -0.060303 0.015381 0.748535 74.879395
/t3d/tch0 iffff 1 -0.125488 -0.064941 0.328125 75.749023
/t3d/tch0 iffff 2 -0.067383 -0.426514 0.327393 76.865234
/t3d/tch0 iffff 0 -0.019287 -0.079346 0.749268 73.961426
/t3d/tch0 iffff 3 -0.062256 0.014160 0.748291 74.875488
/t3d/tch0 iffff 1 -0.127197 -0.065918 0.328857 75.745605
/t3d/tch0 iffff 2 -0.069092 -0.426514 0.327881 76.861816
/t3d/tch0 iffff 0 -0.019287 -0.082520 0.748535 73.961426
/t3d/tch0 iffff 3 -0.062988 0.011719 0.748779 74.874023
/t3d/tch0 iffff 1 -0.126465 -0.069092 0.329834 75.747070
/t3d/tch0 iffff 2 -0.070068 -0.428711 0.328369 76.859863
/t3d/tch0 iffff 0 -0.018066 -0.086426 0.747314 73.963867
/t3d/tch0 iffff 3 -0.063721 0.009277 0.749268 74.872559
/t3d/tch0 iffff 1 -0.125732 -0.071045 0.330566 75.748535
/t3d/tch0 iffff 2 -0.067627 -0.433350 0.328857 76.864746
/t3d/tch0 iffff 0 -0.014648 -0.091309 0.745361 73.970703
/t3d/tch0 iffff 3 -0.063721 0.008057 0.749512 74.872559
/t3d/tch0 iffff 1 -0.124023 -0.072998 0.331055 75.751953
/t3d/tch0 iffff 2 -0.065918 -0.440430 0.329102 76.868164
/t3d/tch0 iffff 0 -0.011230 -0.099365 0.742432 73.977539
/t3d/tch0 iffff 3 -0.063721 0.005615 0.750244 74.872559
/t3d/tch0 iffff 1 -0.122314 -0.076660 0.330811 75.755371
/t3d/tch0 iffff 2 -0.063721 -0.446533 0.330322 76.872559
/t3d/tch0 iffff 0 -0.005615 -0.108887 0.739014 73.988770
/t3d/tch0 iffff 3 -0.062988 0.004150 0.750732 74.874023
/t3d/tch0 iffff 1 -0.121338 -0.080322 0.330078 75.757324
/t3d/tch0 iffff 2 -0.062256 -0.452637 0.331299 76.875488
/t3d/tch0 iffff 0 0.000000 -0.119141 0.734863 74.000000
/t3d/tch0 iffff 3 -0.061768 0.002930 0.751221 74.876465
/t3d/tch0 iffff 1 -0.119629 -0.083008 0.328613 75.760742
/t3d/tch0 iffff 2 -0.061523 -0.457275 0.331787 76.876953
/t3d/tch0 iffff 0 0.006836 -0.130127 0.730713 74.013672
/t3d/tch0 iffff 3 -0.060303 0.002930 0.751709 74.879395
/t3d/tch0 iffff 1 -0.118652 -0.085693 0.327393 75.762695
/t3d/tch0 iffff 2 -0.060547 -0.461182 0.331299 76.878906
/t3d/tch0 iffff 0 0.012451 -0.142090 0.726807 74.024902
/t3d/tch0 iffff 3 -0.059570 0.002930 0.751953 74.880859
/t3d/tch0 iffff 1 -0.117676 -0.087402 0.326416 75.764648
/t3d/tch0 iffff 2 -0.060547 -0.463379 0.330322 76.878906
/t3d/tch0 iffff 0 0.015869 -0.150879 0.724121 74.031738
/t3d/tch0 iffff 3 -0.059082 0.002930 0.751953 74.881836
/t3d/tch0 iffff 1 -0.115967 -0.089355 0.326660 75.768066
/t3d/tch0 iffff 2 -0.060547 -0.464111 0.330322 76.878906
/t3d/tch0 iffff 0 0.017090 -0.155029 0.722900 74.034180
/t3d/tch0 iffff 3 -0.057617 0.002930 0.752441 74.884766
/t3d/tch0 iffff 1 -0.116943 -0.087646 0.327148 75.766113
/t3d/tch0 iffff 2 -0.059814 -0.463379 0.331055 76.880371
/t3d/tch0 iffff 0 0.019287 -0.158203 0.722168 74.038574
/t3d/tch0 iffff 3 -0.056885 0.002930 0.752441 74.886230
/t3d/tch0 iffff 1 -0.114502 -0.088379 0.326904 75.770996
/t3d/tch0 iffff 2 -0.059326 -0.462646 0.331543 76.881348
/t3d/tch0 iffff 0 0.021484 -0.159668 0.721436 74.042969
/t3d/tch0 iffff 3 -0.055664 0.002930 0.752686 74.888672
/t3d/tch0 iffff 1 -0.112793 -0.087646 0.327637 75.774414
/t3d/tch0 iffff 2 -0.058105 -0.461914 0.333496 76.883789
/t3d/tch0 iffff 0 0.022705 -0.159668 0.721436 74.045410
/t3d/tch0 iffff 3 -0.054199 0.002930 0.752930 74.891602
/t3d/tch0 iffff 1 -0.111328 -0.085693 0.328613 75.777344
/t3d/tch0 iffff 2 -0.056152 -0.458252 0.335449 76.887695
/t3d/tch0 iffff 0 0.024658 -0.159668 0.721191 74.049316
/t3d/tch0 iffff 3 -0.054199 0.002930 0.752930 74.891602
/t3d/tch0 iffff 1 -0.108887 -0.081787 0.327881 75.782227
/t3d/tch0 iffff 2 -0.054932 -0.454346 0.336914 76.890137
/t3d/tch0 iffff 0 0.026855 -0.158203 0.721191 74.053711
/t3d/tch0 iffff 3 -0.053467 0.002930 0.753174 74.893066
/t3d/tch0 iffff 1 -0.107178 -0.079102 0.328369 75.785645
/t3d/tch0 iffff 2 -0.053223 -0.446777 0.338379 76.893555
/t3d/tch0 iffff 0 0.026855 -0.155762 0.721924 74.053711
/t3d/tch0 iffff 3 -0.053467 0.006836 0.752197 74.893066
/t3d/tch0 iffff 1 -0.105469 -0.074463 0.328125 75.789062
/t3d/tch0 iffff 2 -0.052002 -0.437744 0.339844 76.895996
/t3d/tch0 iffff 0 0.028076 -0.149414 0.723877 74.056152
/t3d/tch0 iffff 3 -0.054199 0.014160 0.750244 74.891602
/t3d/tch0 iffff 1 -0.102295 -0.064941 0.328369 75.795410
/t3d/tch0 iffff 2 -0.050293 -0.417725 0.342041 76.899414
/t3d/tch0 iffff 0 0.026855 -0.149414 0.724121 74.053711
/t3d/tch0 iffff 3 -0.054199 0.014160 0.750244 74.891602
/t3d/tch0 iffff 1 -0.102295 -0.063965 0.328613 75.795410
/t3d/tch0 iffff 2 -0.050293 -0.416992 0.342285 76.899414
/t3d/tch0 iffff 0 0.028076 -0.147705 0.724365 74.056152
/t3d/tch0 iffff 3 -0.053467 0.016602 0.749756 74.893066
/t3d/tch0 iffff 1 -0.100830 -0.061279 0.328369 75.798340
/t3d/tch0 iffff 2 -0.049561 -0.407715 0.344238 76.900879
/t3d/tch0 iffff 0 0.030273 -0.146973 0.724121 74.060547
/t3d/tch0 iffff 3 -0.054199 0.020264 0.748535 74.891602
/t3d/tch0 iffff 1 -0.098877 -0.058350 0.328125 75.802246
/t3d/tch0 iffff 2 -0.049072 -0.399414 0.344971 76.901855
/t3d/tch0 iffff 0 0.031250 -0.146240 0.724365 74.062500
/t3d/tch0 iffff 3 -0.054199 0.022705 0.748047 74.891602
/t3d/tch0 iffff 1 -0.097412 -0.056396 0.328125 75.805176
/t3d/tch0 iffff 2 -0.047607 -0.392334 0.345215 76.904785
/t3d/tch0 iffff 0 0.031250 -0.143799 0.724854 74.062500
/t3d/tch0 iffff 3 -0.054932 0.026367 0.747070 74.890137
/t3d/tch0 iffff 1 -0.096436 -0.053711 0.328125 75.807129
/t3d/tch0 iffff 2 -0.047119 -0.386475 0.345947 76.905762
/t3d/tch0 iffff 0 0.030273 -0.141357 0.726074 74.060547
/t3d/tch0 iffff 3 -0.055664 0.028809 0.746338 74.888672
/t3d/tch0 iffff 1 -0.096436 -0.051758 0.327637 75.807129
/t3d/tch0 iffff 2 -0.046387 -0.383057 0.346680 76.907227
/t3d/tch0 iffff 0 0.029053 -0.137451 0.727295 74.058105
/t3d/tch0 iffff 3 -0.056885 0.031250 0.745361 74.886230
/t3d/tch0 iffff 1 -0.095459 -0.049805 0.327393 75.809082
/t3d/tch0 iffff 2 -0.045654 -0.379395 0.346436 76.908691
/t3d/tch0 iffff 0 0.025879 -0.134277 0.728760 74.051758
/t3d/tch0 iffff 3 -0.058350 0.033691 0.744629 74.883301
/t3d/tch0 iffff 1 -0.096191 -0.048828 0.326416 75.807617
/t3d/tch0 iffff 2 -0.046143 -0.376221 0.344971 76.907715
/t3d/tch0 iffff 0 0.022705 -0.130127 0.730713 74.045410
/t3d/tch0